1.802711986638326769e-01 8.197288013361672121e-01
1.802711986638327046e-01 8.197288013361673231e-01
1.802711986638327046e-01 8.197288013361672121e-01
1.802711986638327046e-01 8.197288013361673231e-01
1.802711986638327046e-01 8.197288013361673231e-01
7.918154973555502352e-01 2.081845026444498481e-01
7.918155024322076629e-01 2.081844975677923371e-01
7.918155014303179806e-01 2.081844985696820471e-01
7.918154920609958847e-01 2.081845079390041986e-01
7.918154894276563383e-01 2.081845105723435507e-01
7.918155023847632812e-01 2.081844976152367188e-01
7.918154845876351766e-01 2.081845154123648511e-01
7.918154998175187531e-01 2.081845001824812746e-01
7.918155021355323120e-01 2.081844978644677435e-01
7.918154937580138553e-01 2.081845062419861170e-01
1.802711986638326769e-01 8.197288013361673231e-01
1.802711986638326769e-01 8.197288013361672121e-01
1.802711986638327046e-01 8.197288013361673231e-01
1.802711986638327046e-01 8.197288013361673231e-01
7.918154989607292249e-01 2.081845010392707473e-01
7.918153903718432307e-01 2.081846096281567693e-01
7.918154727101707202e-01 2.081845272898292243e-01
1.802711986638327046e-01 8.197288013361673231e-01
7.918155022256783138e-01 2.081844977743216030e-01
7.918154675791134745e-01 2.081845324208864978e-01
7.918154610489890333e-01 2.081845389510109390e-01
7.918153203544822105e-01 2.081846796455178172e-01
7.918155021038293384e-01 2.081844978961706893e-01
7.918154663602062771e-01 2.081845336397936674e-01
7.918154629410045775e-01 2.081845370589954503e-01
7.918153982691173987e-01 2.081846017308826291e-01
1.802711986638327046e-01 8.197288013361674341e-01
1.802711986638327046e-01 8.197288013361673231e-01
7.918155028031805820e-01 2.081844971968194458e-01
7.918154856165557920e-01 2.081845143834441525e-01
7.918154915151447426e-01 2.081845084848553129e-01
7.918155019143063855e-01 2.081844980856937255e-01
7.918153694479377336e-01 2.081846305520622664e-01
7.918154913403822048e-01 2.081845086596179062e-01
1.802711986638327046e-01 8.197288013361673231e-01
1.802711986638326769e-01 8.197288013361672121e-01
1.802711986638327046e-01 8.197288013361673231e-01
7.918154138763920935e-01 2.081845861236079342e-01
7.918143959575797419e-01 2.081856040424201748e-01
1.802711986638326769e-01 8.197288013361672121e-01
1.802711986638327046e-01 8.197288013361673231e-01
1.802711986638327046e-01 8.197288013361673231e-01
1.802711986638326769e-01 8.197288013361673231e-01
1.802711986638326769e-01 8.197288013361672121e-01
1.802711986638326769e-01 8.197288013361673231e-01
1.802711986638326769e-01 8.197288013361673231e-01
7.918154516102255958e-01 2.081845483897743487e-01
1.802711986638327046e-01 8.197288013361673231e-01
7.918155003477783671e-01 2.081844996522216606e-01
7.918155002246358709e-01 2.081844997753641013e-01
7.918153061212799271e-01 2.081846938787200729e-01
1.802711986638326769e-01 8.197288013361672121e-01
7.918155012194827425e-01 2.081844987805172298e-01
7.918153825875090535e-01 2.081846174124909465e-01
1.802711986638326769e-01 8.197288013361673231e-01
7.918154270491780666e-01 2.081845729508218779e-01
7.918154735294941071e-01 2.081845264705059484e-01
7.918154883696699731e-01 2.081845116303301102e-01
1.802711986638327046e-01 8.197288013361673231e-01
7.918154945297490865e-01 2.081845054702508857e-01
7.918155027292645975e-01 2.081844972707353469e-01
7.918154785109736693e-01 2.081845214890263307e-01
7.918154822539575921e-01 2.081845177460424634e-01
7.918155020694302992e-01 2.081844979305697563e-01
7.918154487972164368e-01 2.081845512027836465e-01
1.802711986638326769e-01 8.197288013361673231e-01
1.802711986638327601e-01 8.197288013361672121e-01
1.802711986638327046e-01 8.197288013361674341e-01
1.802711986638327879e-01 8.197288013361672121e-01
1.802711986638326769e-01 8.197288013361672121e-01
1.802711986638326769e-01 8.197288013361673231e-01
1.802711986638326769e-01 8.197288013361672121e-01
1.802711986638326769e-01 8.197288013361673231e-01
1.802711986638327046e-01 8.197288013361673231e-01
1.802711986638327046e-01 8.197288013361672121e-01
7.918154957826117890e-01 2.081845042173881555e-01
7.918154823399934372e-01 2.081845176600065905e-01
7.918155005158363791e-01 2.081844994841635932e-01
7.918154992587471686e-01 2.081845007412528314e-01
7.918150413050163428e-01 2.081849586949836295e-01
1.802711986638326769e-01 8.197288013361672121e-01
1.802711986638327046e-01 8.197288013361673231e-01
1.802711986638327046e-01 8.197288013361673231e-01
1.802711986638326769e-01 8.197288013361673231e-01
1.802711986638327046e-01 8.197288013361673231e-01
1.802711986638326769e-01 8.197288013361673231e-01
1.802711986638326769e-01 8.197288013361673231e-01
1.802711986638327046e-01 8.197288013361673231e-01
1.802711986638327046e-01 8.197288013361673231e-01
1.802711986638327046e-01 8.197288013361673231e-01
7.918154892253929100e-01 2.081845107746070067e-01
7.918154949251575703e-01 2.081845050748423742e-01
7.918154940693001853e-01 2.081845059306997314e-01
1.802711986638326769e-01 8.197288013361673231e-01
1.802711986638326769e-01 8.197288013361672121e-01
1.802711986638327046e-01 8.197288013361674341e-01
1.802711986638326491e-01 8.197288013361672121e-01
1.802711986638326769e-01 8.197288013361673231e-01
1.802711986638326769e-01 8.197288013361673231e-01
1.802711986638327046e-01 8.197288013361673231e-01
1.802711986638326769e-01 8.197288013361673231e-01
1.802711986638327046e-01 8.197288013361673231e-01
1.802711986638327046e-01 8.197288013361673231e-01
1.802711986638326769e-01 8.197288013361672121e-01
7.918154906884020683e-01 2.081845093115979317e-01
1.802711986638326769e-01 8.197288013361673231e-01
1.802711986638327046e-01 8.197288013361673231e-01
1.802711986638327324e-01 8.197288013361673231e-01
7.918155013649414986e-01 2.081844986350584736e-01
7.918155024361741567e-01 2.081844975638258433e-01
7.918155013553994648e-01 2.081844986446004520e-01
7.918154936561718760e-01 2.081845063438280408e-01
7.918153626982964433e-01 2.081846373017035012e-01
7.918142927166484935e-01 2.081857072833515898e-01
1.802711986638327046e-01 8.197288013361672121e-01
1.802711986638326769e-01 8.197288013361673231e-01
1.802711986638327046e-01 8.197288013361673231e-01
1.802711986638326769e-01 8.197288013361673231e-01
7.918154887635936445e-01 2.081845112364063000e-01
7.918155018355087504e-01 2.081844981644913328e-01
7.918154961522406721e-01 2.081845038477592447e-01
7.918154303087425738e-01 2.081845696912573707e-01
7.918155007844618343e-01 2.081844992155381657e-01
7.918155026196612711e-01 2.081844973803387566e-01
7.918155014173531292e-01 2.081844985826468708e-01
7.918154912423758240e-01 2.081845087576241204e-01
7.918154630998609500e-01 2.081845369001390778e-01
1.802711986638326769e-01 8.197288013361674341e-01
1.802711986638327046e-01 8.197288013361673231e-01
1.802711986638327046e-01 8.197288013361673231e-01
7.918154989575993952e-01 2.081845010424005493e-01
7.918155013216042759e-01 2.081844986783956408e-01
7.918152531320363785e-01 2.081847468679635382e-01
1.802711986638326769e-01 8.197288013361674341e-01
1.802711986638326769e-01 8.197288013361673231e-01
1.802711986638326769e-01 8.197288013361673231e-01
7.918154882724813826e-01 2.081845117275185897e-01
7.918154765539505702e-01 2.081845234460494021e-01
7.918154916608163285e-01 2.081845083391838103e-01
7.918154972843630679e-01 2.081845027156368766e-01
7.918155018179533489e-01 2.081844981820466511e-01
7.918155016480180608e-01 2.081844983519819114e-01
7.918154921877023078e-01 2.081845078122976644e-01
1.802711986638327046e-01 8.197288013361674341e-01
7.918153127458518181e-01 2.081846872541482096e-01
1.802711986638327046e-01 8.197288013361673231e-01
1.802711986638326769e-01 8.197288013361673231e-01
1.802711986638327046e-01 8.197288013361674341e-01
1.802711986638326769e-01 8.197288013361672121e-01
1.802711986638326769e-01 8.197288013361673231e-01
1.802711986638327046e-01 8.197288013361674341e-01
1.802711986638327046e-01 8.197288013361674341e-01
1.802711986638326769e-01 8.197288013361673231e-01
1.802711986638327046e-01 8.197288013361674341e-01
1.802711986638327046e-01 8.197288013361673231e-01
1.802711986638326769e-01 8.197288013361673231e-01
1.802711986638326769e-01 8.197288013361673231e-01
7.918155023506244783e-01 2.081844976493755495e-01
7.918155008460251443e-01 2.081844991539749390e-01
7.918154714787523085e-01 2.081845285212477747e-01
7.918154968256360116e-01 2.081845031743640440e-01
7.918155002863043190e-01 2.081844997136957087e-01
7.918155026613415970e-01 2.081844973386584030e-01
7.918154413384882462e-01 2.081845586615117261e-01
7.918155025418629478e-01 2.081844974581370800e-01
7.918155017555711384e-01 2.081844982444289172e-01
7.918153461363093282e-01 2.081846538636906996e-01
1.802711986638326769e-01 8.197288013361673231e-01
1.802711986638326769e-01 8.197288013361672121e-01
1.802711986638327046e-01 8.197288013361674341e-01
1.802711986638327046e-01 8.197288013361674341e-01
1.802711986638326769e-01 8.197288013361673231e-01
1.802711986638327046e-01 8.197288013361673231e-01
1.802711986638326769e-01 8.197288013361673231e-01
1.802711986638326769e-01 8.197288013361673231e-01
1.802711986638327046e-01 8.197288013361674341e-01
1.802711986638326769e-01 8.197288013361672121e-01
7.918154993044386192e-01 2.081845006955612976e-01
7.918154951202377445e-01 2.081845048797622277e-01
7.918154912227325370e-01 2.081845087772676017e-01
7.918155021013142392e-01 2.081844978986857608e-01
7.918146841233100197e-01 2.081853158766898693e-01
1.802711986638327046e-01 8.197288013361673231e-01
1.802711986638326769e-01 8.197288013361672121e-01
1.802711986638326769e-01 8.197288013361673231e-01
7.918155018769826858e-01 2.081844981230173419e-01
7.918154361959783838e-01 2.081845638040215329e-01
7.918154958093539530e-01 2.081845041906459359e-01
7.918154971018496191e-01 2.081845028981502421e-01
7.918155028974189769e-01 2.081844971025809676e-01
7.918155016530272761e-01 2.081844983469727239e-01
7.918154315178624891e-01 2.081845684821374276e-01
7.918154968437636221e-01 2.081845031562364889e-01
7.918155025201870645e-01 2.081844974798129633e-01
7.918154867023776688e-01 2.081845132976224144e-01
1.802711986638326769e-01 8.197288013361673231e-01
1.802711986638326769e-01 8.197288013361673231e-01
1.802711986638327046e-01 8.197288013361674341e-01
7.918154687962423166e-01 2.081845312037576556e-01
1.802711986638327046e-01 8.197288013361674341e-01
1.802711986638327046e-01 8.197288013361674341e-01
1.802711986638326769e-01 8.197288013361673231e-01
1.802711986638327046e-01 8.197288013361673231e-01
1.802711986638327046e-01 8.197288013361673231e-01
1.802711986638326769e-01 8.197288013361672121e-01
1.802711986638327046e-01 8.197288013361674341e-01
1.802711986638327046e-01 8.197288013361673231e-01
1.802711986638327046e-01 8.197288013361673231e-01
1.802711986638327046e-01 8.197288013361673231e-01
1.802711986638327046e-01 8.197288013361673231e-01
1.802711986638327046e-01 8.197288013361674341e-01
7.918154851259678884e-01 2.081845148740320839e-01
7.918155000309774483e-01 2.081844999690225240e-01
7.918154971088089411e-01 2.081845028911909756e-01
7.918154913120573068e-01 2.081845086879426376e-01
7.918155020175058345e-01 2.081844979824941377e-01
7.918154803720575119e-01 2.081845196279424604e-01
7.918154672686731343e-01 2.081845327313268101e-01
1.802711986638327046e-01 8.197288013361673231e-01
1.802711986638326769e-01 8.197288013361673231e-01
1.802711986638327046e-01 8.197288013361673231e-01
1.802711986638326769e-01 8.197288013361673231e-01
1.802711986638328157e-01 8.197288013361672121e-01
1.802711986638327046e-01 8.197288013361673231e-01
1.802711986638326769e-01 8.197288013361673231e-01
1.802711986638327046e-01 8.197288013361674341e-01
1.802711986638327046e-01 8.197288013361673231e-01
1.802711986638327046e-01 8.197288013361674341e-01
1.802711986638327046e-01 8.197288013361673231e-01
1.802711986638327046e-01 8.197288013361673231e-01
7.918154971146792453e-01 2.081845028853206714e-01
7.918154579172612673e-01 2.081845420827387327e-01
1.802711986638326769e-01 8.197288013361672121e-01
1.802711986638327046e-01 8.197288013361673231e-01
1.802711986638327046e-01 8.197288013361673231e-01
1.802711986638327046e-01 8.197288013361673231e-01
7.918154965621453378e-01 2.081845034378548009e-01
7.918154521319543671e-01 2.081845478680455774e-01
7.918154345859368393e-01 2.081845654140631607e-01
7.918154823498871897e-01 2.081845176501128103e-01
7.918155019495458635e-01 2.081844980504541087e-01
7.918155012246531621e-01 2.081844987753468101e-01
7.918154562614420078e-01 2.081845437385579645e-01
7.918155025196700336e-01 2.081844974803299109e-01
7.918154930066202413e-01 2.081845069933797310e-01
7.918154980875492521e-01 2.081845019124508034e-01
7.918154985247302102e-01 2.081845014752698175e-01
7.918154943931842160e-01 2.081845056068157562e-01
7.918154994063756336e-01 2.081845005936243942e-01
7.918155018064003681e-01 2.081844981935997152e-01
7.918155028934581452e-01 2.081844971065417993e-01
7.918155017292086706e-01 2.081844982707913017e-01
7.918154986240908411e-01 2.081845013759092700e-01
7.918155003652325163e-01 2.081844996347675392e-01
7.918154982047794777e-01 2.081845017952204946e-01
7.918154042875686915e-01 2.081845957124313362e-01
7.918154862488734347e-01 2.081845137511264821e-01
7.918154723954016205e-01 2.081845276045983517e-01
1.802711986638326769e-01 8.197288013361673231e-01
7.918154946220792301e-01 2.081845053779207977e-01
7.918155024097137673e-01 2.081844975902862882e-01
7.918154670293791053e-01 2.081845329706208669e-01
1.802711986638326769e-01 8.197288013361672121e-01
1.802711986638326769e-01 8.197288013361673231e-01
7.918154960056461578e-01 2.081845039943538145e-01
7.918154819802767364e-01 2.081845180197232914e-01
7.918154928423664085e-01 2.081845071576335637e-01
7.918154695903660834e-01 2.081845304096339999e-01
7.918155010355250045e-01 2.081844989644750787e-01
7.918154998665402067e-01 2.081845001334597656e-01
7.918154980002009014e-01 2.081845019997991542e-01
7.918154256437744953e-01 2.081845743562255602e-01
7.918154847295340026e-01 2.081845152704659696e-01
7.918154791387691516e-01 2.081845208612308484e-01
7.918154974924582756e-01 2.081845025075415856e-01
7.918154951574256639e-01 2.081845048425743361e-01
7.918154918613503623e-01 2.081845081386497209e-01
7.918155026076798553e-01 2.081844973923200892e-01
7.918151806406199533e-01 2.081848193593800744e-01
1.802711986638327324e-01 8.197288013361673231e-01
7.918154802075084708e-01 2.081845197924915569e-01
7.918154285607132969e-01 2.081845714392867308e-01
7.918154795772752719e-01 2.081845204227247004e-01
7.918153694898921735e-01 2.081846305101077710e-01
1.802711986638327046e-01 8.197288013361673231e-01
1.802711986638326769e-01 8.197288013361673231e-01
1.802711986638326491e-01 8.197288013361673231e-01
1.802711986638327046e-01 8.197288013361673231e-01
7.918154935640656644e-01 2.081845064359344188e-01
7.918154908791262825e-01 2.081845091208736342e-01
1.802711986638326769e-01 8.197288013361673231e-01
1.802711986638327046e-01 8.197288013361674341e-01
7.918144961058962705e-01 2.081855038941036740e-01
1.802711986638326769e-01 8.197288013361673231e-01
1.802711986638327046e-01 8.197288013361673231e-01
1.802711986638326769e-01 8.197288013361673231e-01
1.802711986638326769e-01 8.197288013361673231e-01
1.802711986638327046e-01 8.197288013361673231e-01
1.802711986638327046e-01 8.197288013361673231e-01
1.802711986638327324e-01 8.197288013361673231e-01
1.802711986638327046e-01 8.197288013361673231e-01
1.802711986638326769e-01 8.197288013361673231e-01
1.802711986638327046e-01 8.197288013361674341e-01
1.802711986638326769e-01 8.197288013361672121e-01
1.802711986638326769e-01 8.197288013361673231e-01
7.918154365891492130e-01 2.081845634108507592e-01
1.802711986638327046e-01 8.197288013361673231e-01
1.802711986638326769e-01 8.197288013361673231e-01
1.802711986638327046e-01 8.197288013361672121e-01
1.802711986638326769e-01 8.197288013361672121e-01
1.802711986638326769e-01 8.197288013361673231e-01
1.802711986638326769e-01 8.197288013361673231e-01
1.802711986638327046e-01 8.197288013361673231e-01
1.802711986638327046e-01 8.197288013361674341e-01
1.802711986638327046e-01 8.197288013361673231e-01
1.802711986638326769e-01 8.197288013361672121e-01
1.802711986638326769e-01 8.197288013361673231e-01
7.918155018104509058e-01 2.081844981895491498e-01
7.918154968734225641e-01 2.081845031265773804e-01
7.918154873966829488e-01 2.081845126033169957e-01
7.918153256543387641e-01 2.081846743456611804e-01
1.802711986638326769e-01 8.197288013361672121e-01
1.802711986638326769e-01 8.197288013361673231e-01
7.918154933523411376e-01 2.081845066476590012e-01
7.918154657895689619e-01 2.081845342104311214e-01
7.918154943187255546e-01 2.081845056812744732e-01
7.918154960251856389e-01 2.081845039748143888e-01
7.918153870197027766e-01 2.081846129802971956e-01
7.918154913585973009e-01 2.081845086414026158e-01
7.918154898827144406e-01 2.081845101172855594e-01
7.918154987262572275e-01 2.081845012737426892e-01
7.918154878022825027e-01 2.081845121977175250e-01
7.918154976798056355e-01 2.081845023201944478e-01
7.918155021668471516e-01 2.081844978331527651e-01
7.918154857213678399e-01 2.081845142786321046e-01
1.802711986638326769e-01 8.197288013361673231e-01
1.802711986638326769e-01 8.197288013361673231e-01
1.802711986638326769e-01 8.197288013361673231e-01
7.918155026748469050e-01 2.081844973251530673e-01
7.918155020213158979e-01 2.081844979786841854e-01
7.918154831083397127e-01 2.081845168916602873e-01
7.918154935927916860e-01 2.081845064072083140e-01
1.802711986638326769e-01 8.197288013361673231e-01
1.802711986638327046e-01 8.197288013361673231e-01
7.918153060301401647e-01 2.081846939698599463e-01
1.802711986638326769e-01 8.197288013361672121e-01
7.918155016509366151e-01 2.081844983490633849e-01
7.918154155383622106e-01 2.081845844616378449e-01
1.802711986638327046e-01 8.197288013361674341e-01
1.802711986638327324e-01 8.197288013361673231e-01
7.918154980128400133e-01 2.081845019871599034e-01
7.918155025577825468e-01 2.081844974422173977e-01
7.918155020569144220e-01 2.081844979430856335e-01
7.918154923270637191e-01 2.081845076729362531e-01
7.918154769068124210e-01 2.081845230931876622e-01
7.918154984323750867e-01 2.081845015676250243e-01
7.918154848834981774e-01 2.081845151165018504e-01
7.918154362368176047e-01 2.081845637631824786e-01
7.918155024942938880e-01 2.081844975057061398e-01
7.918154682121297805e-01 2.081845317878701918e-01
7.918154889636919158e-01 2.081845110363080564e-01
7.918154979548568395e-01 2.081845020451432715e-01
7.918155014974642691e-01 2.081844985025357864e-01
7.918103098245529159e-01 2.081896901754470286e-01
1.802711986638326769e-01 8.197288013361672121e-01
1.802711986638326769e-01 8.197288013361673231e-01
1.802711986638327046e-01 8.197288013361673231e-01
1.802711986638327046e-01 8.197288013361674341e-01
1.802711986638327046e-01 8.197288013361673231e-01
1.802711986638326769e-01 8.197288013361673231e-01
1.802711986638327046e-01 8.197288013361674341e-01
7.918155027846258687e-01 2.081844972153741313e-01
7.918154903174654535e-01 2.081845096825345742e-01
7.918154689402759905e-01 2.081845310597239818e-01
1.802711986638326769e-01 8.197288013361672121e-01
1.802711986638326769e-01 8.197288013361673231e-01
7.918155015223790061e-01 2.081844984776209662e-01
7.918155015092956939e-01 2.081844984907042506e-01
7.918133158306491781e-01 2.081866841693509051e-01
1.802711986638326769e-01 8.197288013361673231e-01
7.918154915512890524e-01 2.081845084487110031e-01
7.918153429632411866e-01 2.081846570367588967e-01
7.918154827117076522e-01 2.081845172882924588e-01
7.918154985536872692e-01 2.081845014463127863e-01
7.918155015878389769e-01 2.081844984121610509e-01
7.918154871087448310e-01 2.081845128912550580e-01
7.918154839255765465e-01 2.081845160744235645e-01
1.802711986638326769e-01 8.197288013361673231e-01
1.802711986638326491e-01 8.197288013361672121e-01
1.802711986638327046e-01 8.197288013361674341e-01
1.802711986638327046e-01 8.197288013361673231e-01
1.802711986638327046e-01 8.197288013361674341e-01
7.918154709514121370e-01 2.081845290485878630e-01
7.918154885324273362e-01 2.081845114675726638e-01
7.918145803107689007e-01 2.081854196892310438e-01
1.802711986638327046e-01 8.197288013361673231e-01
7.918154901047992356e-01 2.081845098952008200e-01
7.918154981231801948e-01 2.081845018768197497e-01
7.918152946685527160e-01 2.081847053314473395e-01
1.802711986638326769e-01 8.197288013361673231e-01
1.802711986638327046e-01 8.197288013361673231e-01
7.918154986825459707e-01 2.081845013174541681e-01
7.918155010275480521e-01 2.081844989724519202e-01
7.918155016557214543e-01 2.081844983442785735e-01
7.918154427950681029e-01 2.081845572049319248e-01
1.802711986638326769e-01 8.197288013361673231e-01
1.802711986638327046e-01 8.197288013361673231e-01
1.802711986638326769e-01 8.197288013361673231e-01
1.802711986638326769e-01 8.197288013361672121e-01
1.802711986638327046e-01 8.197288013361673231e-01
1.802711986638326769e-01 8.197288013361672121e-01
7.918154997335500322e-01 2.081845002664499122e-01
7.918154651802181698e-01 2.081845348197818024e-01
7.918155018488740593e-01 2.081844981511258852e-01
7.918140483131362872e-01 2.081859516868637128e-01
1.802711986638326769e-01 8.197288013361672121e-01
1.802711986638326769e-01 8.197288013361673231e-01
7.918154655318371260e-01 2.081845344681628462e-01
7.918154635974025135e-01 2.081845364025974032e-01
7.918154927711962277e-01 2.081845072288037168e-01
7.918155021874555555e-01 2.081844978125444445e-01
7.918155019060825195e-01 2.081844980939175083e-01
7.918154797779266563e-01 2.081845202220732882e-01
7.918155031512885689e-01 2.081844968487114311e-01
7.918155007551700431e-01 2.081844992448299569e-01
7.918154939639662215e-01 2.081845060360338617e-01
7.918154977694850105e-01 2.081845022305148785e-01
7.918155005072531338e-01 2.081844994927467829e-01
7.918154803551881171e-01 2.081845196448118829e-01
7.918155004823617116e-01 2.081844995176383162e-01
7.918155015420743625e-01 2.081844984579256097e-01
7.918154282964149360e-01 2.081845717035850640e-01
7.918154251300587587e-01 2.081845748699412690e-01
1.802711986638326769e-01 8.197288013361672121e-01
1.802711986638326769e-01 8.197288013361673231e-01
1.802711986638327046e-01 8.197288013361674341e-01
1.802711986638326769e-01 8.197288013361672121e-01
1.802711986638326769e-01 8.197288013361673231e-01
7.918152978483706805e-01 2.081847021516292640e-01
7.918155010619204459e-01 2.081844989380796929e-01
7.918155005580507222e-01 2.081844994419491945e-01
7.918154971305919609e-01 2.081845028694080946e-01
7.918155023159542116e-01 2.081844976840458161e-01
7.918154829579671095e-01 2.081845170420329183e-01
7.918154837516473421e-01 2.081845162483527412e-01
7.918144217907953086e-01 2.081855782092046914e-01
1.802711986638326769e-01 8.197288013361672121e-01
7.918154984609894198e-01 2.081845015390105802e-01
7.918154663841368013e-01 2.081845336158631432e-01
7.918153285187380375e-01 2.081846714812619348e-01
1.802711986638326769e-01 8.197288013361673231e-01
1.802711986638326769e-01 8.197288013361673231e-01
1.802711986638326769e-01 8.197288013361672121e-01
1.802711986638327046e-01 8.197288013361673231e-01
1.802711986638327046e-01 8.197288013361673231e-01
1.802711986638326769e-01 8.197288013361672121e-01
1.802711986638327046e-01 8.197288013361673231e-01
1.802711986638327046e-01 8.197288013361673231e-01
1.802711986638326769e-01 8.197288013361673231e-01
7.918154981062768272e-01 2.081845018937230896e-01
7.918154822548360006e-01 2.081845177451639717e-01
7.918154982547267462e-01 2.081845017452732260e-01
7.918154970405897330e-01 2.081845029594102947e-01
7.918154986308557630e-01 2.081845013691442092e-01
7.918154974241868871e-01 2.081845025758130019e-01
7.918154888235492406e-01 2.081845111764507039e-01
7.918155004212447112e-01 2.081844995787553443e-01
7.918154853498544643e-01 2.081845146501455079e-01
1.802711986638326491e-01 8.197288013361672121e-01
1.802711986638327046e-01 8.197288013361673231e-01
1.802711986638327046e-01 8.197288013361673231e-01
7.918154980245879493e-01 2.081845019754119952e-01
7.918154839337943063e-01 2.081845160662058047e-01
7.918154927021593403e-01 2.081845072978406042e-01
7.918155020021488966e-01 2.081844979978510479e-01
7.918154958369355567e-01 2.081845041630645543e-01
1.802711986638326769e-01 8.197288013361673231e-01
1.802711986638326769e-01 8.197288013361672121e-01
1.802711986638326769e-01 8.197288013361672121e-01
7.918072867711823948e-01 2.081927132288175775e-01
1.802711986638326769e-01 8.197288013361672121e-01
1.802711986638326769e-01 8.197288013361673231e-01
7.918154912352839414e-01 2.081845087647160586e-01
7.918155002473791226e-01 2.081844997526208496e-01
7.918155016048021855e-01 2.081844983951978145e-01
7.918154964318517841e-01 2.081845035681482436e-01
7.918154611745105154e-01 2.081845388254894846e-01
7.918154869342570734e-01 2.081845130657429821e-01
7.918154009854031505e-01 2.081845990145968495e-01
7.918154911502437443e-01 2.081845088497563390e-01
7.918154599706762609e-01 2.081845400293236559e-01
7.918155006416951469e-01 2.081844993583047143e-01
7.918153362089064284e-01 2.081846637910935438e-01
7.918154893941999894e-01 2.081845106058000106e-01
7.918155028286154584e-01 2.081844971713845416e-01
7.918154943962241177e-01 2.081845056037760211e-01
7.918154963309933514e-01 2.081845036690067041e-01
7.918154757465255544e-01 2.081845242534744456e-01
1.802711986638326769e-01 8.197288013361674341e-01
7.918154901502019172e-01 2.081845098497981383e-01
7.918154194656293887e-01 2.081845805343705558e-01
7.918154614704727701e-01 2.081845385295272577e-01
7.918154827631330717e-01 2.081845172368669838e-01
7.918155023022128702e-01 2.081844976977871020e-01
7.918153471352480377e-01 2.081846528647520178e-01
1.802711986638326769e-01 8.197288013361673231e-01
1.802711986638326769e-01 8.197288013361673231e-01
1.802711986638327046e-01 8.197288013361673231e-01
1.802711986638326769e-01 8.197288013361673231e-01
1.802711986638326769e-01 8.197288013361673231e-01
7.918147898866005896e-01 2.081852101133994659e-01
1.802711986638326769e-01 8.197288013361672121e-01
1.802711986638326769e-01 8.197288013361673231e-01
1.802711986638326769e-01 8.197288013361672121e-01
1.802711986638327046e-01 8.197288013361673231e-01
1.802711986638326769e-01 8.197288013361673231e-01
1.802711986638326769e-01 8.197288013361673231e-01
1.802711986638326769e-01 8.197288013361673231e-01
1.802711986638326769e-01 8.197288013361673231e-01
1.802711986638326769e-01 8.197288013361673231e-01
1.802711986638327046e-01 8.197288013361673231e-01
1.802711986638327046e-01 8.197288013361673231e-01
1.802711986638326769e-01 8.197288013361673231e-01
1.802711986638326769e-01 8.197288013361673231e-01
1.802711986638326769e-01 8.197288013361672121e-01
1.802711986638327046e-01 8.197288013361673231e-01
1.802711986638326769e-01 8.197288013361672121e-01
7.918155029032156733e-01 2.081844970967842989e-01
7.918155000418506395e-01 2.081844999581493327e-01
7.918155012561730599e-01 2.081844987438269678e-01
7.918154253930022035e-01 2.081845746069977965e-01
7.918148200764998368e-01 2.081851799235001077e-01
1.802711986638326769e-01 8.197288013361673231e-01
1.802711986638327046e-01 8.197288013361673231e-01
1.802711986638326769e-01 8.197288013361673231e-01
1.802711986638326769e-01 8.197288013361672121e-01
1.802711986638327046e-01 8.197288013361673231e-01
1.802711986638326769e-01 8.197288013361672121e-01
1.802711986638327046e-01 8.197288013361673231e-01
7.918154975669484674e-01 2.081845024330516158e-01
7.918154137325583708e-01 2.081845862674416570e-01
7.918155017342223267e-01 2.081844982657775900e-01
7.918154969023856182e-01 2.081845030976144650e-01
7.918146350240974352e-01 2.081853649759025371e-01
1.802711986638327046e-01 8.197288013361673231e-01
1.802711986638327046e-01 8.197288013361674341e-01
7.918154893076171374e-01 2.081845106923828070e-01
7.918154917223594325e-01 2.081845082776404843e-01
7.918154941748088982e-01 2.081845058251912128e-01
7.918154984645071615e-01 2.081845015354928941e-01
7.918154554331718886e-01 2.081845445668280281e-01
1.802711986638326769e-01 8.197288013361673231e-01
1.802711986638327046e-01 8.197288013361673231e-01
1.802711986638327046e-01 8.197288013361673231e-01
1.802711986638326769e-01 8.197288013361673231e-01
1.802711986638326769e-01 8.197288013361673231e-01
1.802711986638326769e-01 8.197288013361673231e-01
1.802711986638326769e-01 8.197288013361672121e-01
1.802711986638327046e-01 8.197288013361673231e-01
1.802711986638326769e-01 8.197288013361673231e-01
7.918145563247268592e-01 2.081854436752731130e-01
1.802711986638327046e-01 8.197288013361673231e-01
1.802711986638327046e-01 8.197288013361673231e-01
1.802711986638326769e-01 8.197288013361673231e-01
1.802711986638327046e-01 8.197288013361673231e-01
1.802711986638326769e-01 8.197288013361672121e-01
1.802711986638327046e-01 8.197288013361673231e-01
1.802711986638326769e-01 8.197288013361673231e-01
1.802711986638327046e-01 8.197288013361673231e-01
1.802711986638327046e-01 8.197288013361674341e-01
1.802711986638326769e-01 8.197288013361673231e-01
1.802711986638326769e-01 8.197288013361673231e-01
1.802711986638327046e-01 8.197288013361673231e-01
1.802711986638326769e-01 8.197288013361672121e-01
1.802711986638327046e-01 8.197288013361673231e-01
1.802711986638326769e-01 8.197288013361672121e-01
7.918154942432552579e-01 2.081845057567447699e-01
7.918154790302532886e-01 2.081845209697467391e-01
7.918155029858447991e-01 2.081844970141552842e-01
7.918154952146821968e-01 2.081845047853177755e-01
1.802711986638326769e-01 8.197288013361674341e-01
1.802711986638326769e-01 8.197288013361672121e-01
7.918155019925970928e-01 2.081844980074028517e-01
7.918154759391056174e-01 2.081845240608944381e-01
7.918155006279133934e-01 2.081844993720865511e-01
7.918154839099904585e-01 2.081845160900096248e-01
7.918154970019272154e-01 2.081845029980728123e-01
7.918155021124688719e-01 2.081844978875311281e-01
7.918153486886618797e-01 2.081846513113381480e-01
7.918155022027916212e-01 2.081844977972083788e-01
7.918154876228884476e-01 2.081845123771116080e-01
7.918154920790309026e-01 2.081845079209690696e-01
7.918154533415766583e-01 2.081845466584233417e-01
7.918154999944215788e-01 2.081845000055782824e-01
7.918155015819141607e-01 2.081844984180858116e-01
7.918154694894447010e-01 2.081845305105552435e-01
7.918153863299646211e-01 2.081846136700354621e-01
7.918154944951174556e-01 2.081845055048824056e-01
7.918131561846697419e-01 2.081868438153302581e-01
1.802711986638326769e-01 8.197288013361672121e-01
1.802711986638326769e-01 8.197288013361673231e-01
7.918154978882889772e-01 2.081845021117109673e-01
7.918154962863498403e-01 2.081845037136501042e-01
7.918153295855273610e-01 2.081846704144727223e-01
1.802711986638326769e-01 8.197288013361673231e-01
1.802711986638326769e-01 8.197288013361673231e-01
1.802711986638327046e-01 8.197288013361673231e-01
1.802711986638326769e-01 8.197288013361672121e-01
7.918154184107506488e-01 2.081845815892493790e-01
7.918154996732172934e-01 2.081845003267826233e-01
7.918146301399719977e-01 2.081853698600280855e-01
1.802711986638326769e-01 8.197288013361673231e-01
1.802711986638326769e-01 8.197288013361673231e-01
1.802711986638326769e-01 8.197288013361673231e-01
1.802711986638327046e-01 8.197288013361672121e-01
7.918154722159743697e-01 2.081845277840256581e-01
7.918154966705817088e-01 2.081845033294183744e-01
7.918155013421691590e-01 2.081844986578308410e-01
7.918155010419618556e-01 2.081844989580381167e-01
7.918155028137757734e-01 2.081844971862243099e-01
7.918154396118021188e-01 2.081845603881978535e-01
1.802711986638326769e-01 8.197288013361673231e-01
1.802711986638327046e-01 8.197288013361674341e-01
1.802711986638326769e-01 8.197288013361673231e-01
1.802711986638326769e-01 8.197288013361673231e-01
1.802711986638327046e-01 8.197288013361673231e-01
1.802711986638326769e-01 8.197288013361673231e-01
7.918154325046037334e-01 2.081845674953963499e-01
7.918154957336628330e-01 2.081845042663371392e-01
7.918155012602811071e-01 2.081844987397188929e-01
7.918154893712709974e-01 2.081845106287289471e-01
7.918154982101299755e-01 2.081845017898699968e-01
7.918155019873259759e-01 2.081844980126741074e-01
7.918154934588029770e-01 2.081845065411970785e-01
7.918154918661688413e-01 2.081845081338311310e-01
7.918154912053948502e-01 2.081845087946052331e-01
7.918154944854478572e-01 2.081845055145520873e-01
7.918154878594005908e-01 2.081845121405993260e-01
7.918155015493729687e-01 2.081844984506269758e-01
7.918154999278936845e-01 2.081845000721062600e-01
7.918155015680206077e-01 2.081844984319794756e-01
7.918155019884454138e-01 2.081844980115545862e-01
7.918155000448336978e-01 2.081844999551662190e-01
7.918155022502666451e-01 2.081844977497333549e-01
7.918154210023183870e-01 2.081845789976816963e-01
1.802711986638326769e-01 8.197288013361673231e-01
1.802711986638326769e-01 8.197288013361672121e-01
1.802711986638326769e-01 8.197288013361673231e-01
1.802711986638327046e-01 8.197288013361673231e-01
7.918154456840206246e-01 2.081845543159794309e-01
1.802711986638327046e-01 8.197288013361673231e-01
1.802711986638326769e-01 8.197288013361673231e-01
7.918155015458858692e-01 2.081844984541141030e-01
7.918155022127900677e-01 2.081844977872099878e-01
7.918154988835017782e-01 2.081845011164981663e-01
7.918154312358178792e-01 2.081845687641822318e-01
1.802711986638326769e-01 8.197288013361673231e-01
1.802711986638327046e-01 8.197288013361673231e-01
1.802711986638327046e-01 8.197288013361673231e-01
1.802711986638327046e-01 8.197288013361673231e-01
1.802711986638326491e-01 8.197288013361672121e-01
1.802711986638326769e-01 8.197288013361673231e-01
1.802711986638326769e-01 8.197288013361672121e-01
1.802711986638326769e-01 8.197288013361673231e-01
1.802711986638326769e-01 8.197288013361674341e-01
1.802711986638327046e-01 8.197288013361673231e-01
1.802711986638328712e-01 8.197288013361672121e-01
7.918154931776912875e-01 2.081845068223087680e-01
7.918154840968985031e-01 2.081845159031014691e-01
1.802711986638326769e-01 8.197288013361673231e-01
1.802711986638326491e-01 8.197288013361672121e-01
1.802711986638326769e-01 8.197288013361672121e-01
7.918154949690318078e-01 2.081845050309681922e-01
7.918152943385333709e-01 2.081847056614666847e-01
1.802711986638326769e-01 8.197288013361673231e-01
1.802711986638326769e-01 8.197288013361673231e-01
7.918155006610660962e-01 2.081844993389338760e-01
7.918154959954004646e-01 2.081845040045996187e-01
1.802711986638327046e-01 8.197288013361673231e-01
1.802711986638326769e-01 8.197288013361672121e-01
1.802711986638327046e-01 8.197288013361673231e-01
1.802711986638327046e-01 8.197288013361673231e-01
1.802711986638327046e-01 8.197288013361673231e-01
7.918155023983953766e-01 2.081844976016047066e-01
7.918154982181611068e-01 2.081845017818389487e-01
7.918154875308446305e-01 2.081845124691554805e-01
7.918155020266476329e-01 2.081844979733523393e-01
7.918155005747226083e-01 2.081844994252773640e-01
7.918154714986993525e-01 2.081845285013007030e-01
7.918155006801366191e-01 2.081844993198633531e-01
7.918155029168538750e-01 2.081844970831460973e-01
7.918137610681963423e-01 2.081862389318036577e-01
1.802711986638326769e-01 8.197288013361674341e-01
1.802711986638327046e-01 8.197288013361673231e-01
1.802711986638326769e-01 8.197288013361672121e-01
1.802711986638327046e-01 8.197288013361673231e-01
1.802711986638326769e-01 8.197288013361673231e-01
7.918154953963516540e-01 2.081845046036482905e-01
7.918155017047121547e-01 2.081844982952878731e-01
7.918155023508679502e-01 2.081844976491320776e-01
7.918155002670558273e-01 2.081844997329440894e-01
7.918153541739387791e-01 2.081846458260612209e-01
7.918154175111202786e-01 2.081845824888796659e-01
7.918154995806729879e-01 2.081845004193270399e-01
7.918154865173991919e-01 2.081845134826008359e-01
7.918152033294378889e-01 2.081847966705620834e-01
1.802711986638326769e-01 8.197288013361672121e-01
7.918155008036287246e-01 2.081844991963712199e-01
7.918154937841996865e-01 2.081845062158002857e-01
7.918154988979432263e-01 2.081845011020567182e-01
7.918155021198002297e-01 2.081844978801996870e-01
7.918154864295315898e-01 2.081845135704683825e-01
7.918154878831196175e-01 2.081845121168803547e-01
7.918154981200143938e-01 2.081845018799855507e-01
7.918154990428456497e-01 2.081845009571542948e-01
7.918153955609403827e-01 2.081846044390596173e-01
1.802711986638326769e-01 8.197288013361673231e-01
1.802711986638327046e-01 8.197288013361673231e-01
7.918154529475781578e-01 2.081845470524218977e-01
1.802711986638327046e-01 8.197288013361673231e-01
7.918154854454978464e-01 2.081845145545021536e-01
7.918154977526256078e-01 2.081845022473744478e-01
7.918155015243815154e-01 2.081844984756183736e-01
7.918154830020530666e-01 2.081845169979468779e-01
7.918148883035669439e-01 2.081851116964330284e-01
7.918154974951556735e-01 2.081845025048442155e-01
7.918154987106641451e-01 2.081845012893359104e-01
7.918154454384099816e-01 2.081845545615899906e-01
1.802711986638326769e-01 8.197288013361673231e-01
1.802711986638326769e-01 8.197288013361673231e-01
1.802711986638327324e-01 8.197288013361673231e-01
7.918155003182940632e-01 2.081844996817059090e-01
7.918154932284636738e-01 2.081845067715362430e-01
7.918155005466755991e-01 2.081844994533244009e-01
7.918154456119677054e-01 2.081845543880321836e-01
7.918155001975226703e-01 2.081844998024773574e-01
7.918154935228767233e-01 2.081845064771231379e-01
7.918154953232989790e-01 2.081845046767009932e-01
7.918154889685681264e-01 2.081845110314317904e-01
7.918155030706043318e-01 2.081844969293955294e-01
7.918154966070157785e-01 2.081845033929841382e-01
7.918154965289363467e-01 2.081845034710636255e-01
7.918154995829712606e-01 2.081845004170287672e-01
7.918155023014349370e-01 2.081844976985650908e-01
7.918155012494821898e-01 2.081844987505177269e-01
7.918155022874213689e-01 2.081844977125786589e-01
7.918154840277495943e-01 2.081845159722504057e-01
1.802711986638327046e-01 8.197288013361673231e-01
7.918154196293128999e-01 2.081845803706871556e-01
7.918151810253917233e-01 2.081848189746082489e-01
1.802711986638328712e-01 8.197288013361672121e-01
7.918154000911344914e-01 2.081845999088655641e-01
1.802711986638327046e-01 8.197288013361673231e-01
1.802711986638327046e-01 8.197288013361673231e-01
1.802711986638327046e-01 8.197288013361672121e-01
7.918154934986513238e-01 2.081845065013486207e-01
7.918154951444288381e-01 2.081845048555711342e-01
7.918154781275231757e-01 2.081845218724768520e-01
1.802711986638326769e-01 8.197288013361673231e-01
1.802711986638326769e-01 8.197288013361673231e-01
1.802711986638327046e-01 8.197288013361673231e-01
1.802711986638327046e-01 8.197288013361673231e-01
1.802711986638327046e-01 8.197288013361673231e-01
1.802711986638326769e-01 8.197288013361672121e-01
1.802711986638327046e-01 8.197288013361673231e-01
1.802711986638327046e-01 8.197288013361673231e-01
7.918154970022647232e-01 2.081845029977352490e-01
7.918154960843685197e-01 2.081845039156315080e-01
1.802711986638327046e-01 8.197288013361674341e-01
1.802711986638358410e-01 8.197288013361641035e-01
7.918154865894191374e-01 2.081845134105807793e-01
7.918155024487620874e-01 2.081844975512379126e-01
7.918155024860245028e-01 2.081844975139755249e-01
7.918154966723672805e-01 2.081845033276328027e-01
7.918154990822562356e-01 2.081845009177438477e-01
7.918155031785386599e-01 2.081844968214613123e-01
7.918154949518799723e-01 2.081845050481199166e-01
7.918155025065098940e-01 2.081844974934900783e-01
7.918154452735224336e-01 2.081845547264775664e-01
1.802711986638326769e-01 8.197288013361672121e-01
1.802711986638326769e-01 8.197288013361673231e-01
7.918154979701683693e-01 2.081845020298316584e-01
7.918147221610780662e-01 2.081852778389218506e-01
1.802711986638326769e-01 8.197288013361672121e-01
1.802711986638327046e-01 8.197288013361673231e-01
7.918155021143942207e-01 2.081844978856057238e-01
7.918154443576467250e-01 2.081845556423532473e-01
7.918155027757940445e-01 2.081844972242059277e-01
7.918154924625929736e-01 2.081845075374070542e-01
7.918154990144180561e-01 2.081845009855818884e-01
7.918154917022132144e-01 2.081845082977867578e-01
7.918154691862865358e-01 2.081845308137134365e-01
1.802711986638326769e-01 8.197288013361673231e-01
1.802711986638326769e-01 8.197288013361673231e-01
1.802711986638327046e-01 8.197288013361674341e-01
7.918154987723524663e-01 2.081845012276475615e-01
7.918154977311583353e-01 2.081845022688417479e-01
7.918155001105501301e-01 2.081844998894500087e-01
7.918154950846665319e-01 2.081845049153334404e-01
7.918153762802353501e-01 2.081846237197645944e-01
7.918154972846943584e-01 2.081845027153056416e-01
7.918154961246109957e-01 2.081845038753890598e-01
7.918155028085087643e-01 2.081844971914912357e-01
7.918152765715472663e-01 2.081847234284528170e-01
7.918154951922373730e-01 2.081845048077626270e-01
7.918154756844869580e-01 2.081845243155131253e-01
7.918154863211632755e-01 2.081845136788368633e-01
7.918155022966139045e-01 2.081844977033860955e-01
7.918154894840230273e-01 2.081845105159770282e-01
7.918153529587644845e-01 2.081846470412354044e-01
7.918154102848905529e-01 2.081845897151095026e-01
1.802711986638327046e-01 8.197288013361673231e-01
1.802711986638327046e-01 8.197288013361672121e-01
1.802711986638327046e-01 8.197288013361674341e-01
1.802711986638326769e-01 8.197288013361672121e-01
1.802711986638326769e-01 8.197288013361673231e-01
1.802711986638327046e-01 8.197288013361673231e-01
1.802711986638326769e-01 8.197288013361672121e-01
1.802711986638326769e-01 8.197288013361673231e-01
7.918154882569055086e-01 2.081845117430945191e-01
7.918155010714430508e-01 2.081844989285570324e-01
7.918155028160143161e-01 2.081844971839857394e-01
7.918154807380347604e-01 2.081845192619652396e-01
7.918154830345131012e-01 2.081845169654868710e-01
7.918154502683879548e-01 2.081845497316121563e-01
1.802711986638326769e-01 8.197288013361673231e-01
1.802711986638327046e-01 8.197288013361673231e-01
1.802711986638326769e-01 8.197288013361673231e-01
1.802711986638327046e-01 8.197288013361673231e-01
7.918155021175465880e-01 2.081844978824534675e-01
7.918154969303502488e-01 2.081845030696498344e-01
7.918155023454760411e-01 2.081844976545239312e-01
7.918154943923850775e-01 2.081845056076148670e-01
7.918155001594742171e-01 2.081844998405257829e-01
7.918154258377714250e-01 2.081845741622285473e-01
7.918154660093403852e-01 2.081845339906595871e-01
7.918154863246326114e-01 2.081845136753674719e-01
7.918155008274124773e-01 2.081844991725874394e-01
7.918154418552886264e-01 2.081845581447114013e-01
7.918155023622143185e-01 2.081844976377857370e-01
7.918155013743514159e-01 2.081844986256486396e-01
7.918149240583192139e-01 2.081850759416807584e-01
1.802711986638326769e-01 8.197288013361673231e-01
1.802711986638326769e-01 8.197288013361673231e-01
1.802711986638327046e-01 8.197288013361673231e-01
1.802711986638326769e-01 8.197288013361673231e-01
1.802711986638326769e-01 8.197288013361672121e-01
1.802711986638327046e-01 8.197288013361673231e-01
1.802711986638327046e-01 8.197288013361673231e-01
1.802711986638326769e-01 8.197288013361672121e-01
1.802711986638327046e-01 8.197288013361673231e-01
1.802711986638327046e-01 8.197288013361673231e-01
1.802711986638326769e-01 8.197288013361672121e-01
1.802711986638326769e-01 8.197288013361673231e-01
1.802711986638326769e-01 8.197288013361672121e-01
1.802711986638326769e-01 8.197288013361672121e-01
1.802711986638326769e-01 8.197288013361673231e-01
1.802711986638326769e-01 8.197288013361673231e-01
1.802711986638326769e-01 8.197288013361673231e-01
7.918154993500557959e-01 2.081845006499440653e-01
7.918154341591183698e-01 2.081845658408816302e-01
7.918154827333945267e-01 2.081845172666053900e-01
7.918154966458111899e-01 2.081845033541889489e-01
7.918154565318851201e-01 2.081845434681148799e-01
1.802711986638327046e-01 8.197288013361673231e-01
1.802711986638326769e-01 8.197288013361673231e-01
1.802711986638327046e-01 8.197288013361673231e-01
1.802711986638327046e-01 8.197288013361673231e-01
1.802711986638326769e-01 8.197288013361672121e-01
1.802711986638326769e-01 8.197288013361672121e-01
1.802711986638326769e-01 8.197288013361673231e-01
1.802711986638327046e-01 8.197288013361673231e-01
1.802711986638326769e-01 8.197288013361673231e-01
1.802711986638327046e-01 8.197288013361674341e-01
1.802711986638327046e-01 8.197288013361673231e-01
1.802711986638327046e-01 8.197288013361673231e-01
1.802711986638326769e-01 8.197288013361672121e-01
7.918155028606144175e-01 2.081844971393856658e-01
7.918154176695135771e-01 2.081845823304864784e-01
7.918155022348836169e-01 2.081844977651163275e-01
7.918154996182270589e-01 2.081845003817729967e-01
7.918154973018175502e-01 2.081845026981823943e-01
7.918154950342788378e-01 2.081845049657212177e-01
7.918149185734459916e-01 2.081850814265539251e-01
1.802711986638327046e-01 8.197288013361673231e-01
1.802711986638327046e-01 8.197288013361674341e-01
1.802711986638326769e-01 8.197288013361673231e-01
1.802711986638327046e-01 8.197288013361674341e-01
1.802711986638327046e-01 8.197288013361673231e-01
7.918155006509491889e-01 2.081844993490508944e-01
7.918153371700227261e-01 2.081846628299771906e-01
1.802711986638327046e-01 8.197288013361673231e-01
7.918154895123360459e-01 2.081845104876639541e-01
7.918154931898058191e-01 2.081845068101941532e-01
7.918155023539270587e-01 2.081844976460729135e-01
7.918154912035673121e-01 2.081845087964325769e-01
7.918154998491799823e-01 2.081845001508200732e-01
7.918147219426876493e-01 2.081852780573123507e-01
1.802711986638326769e-01 8.197288013361673231e-01
7.918154982359231209e-01 2.081845017640768514e-01
7.918154708286827548e-01 2.081845291713172452e-01
7.918154995110112671e-01 2.081845004889885942e-01
7.918155007897393904e-01 2.081844992102605818e-01
7.918154736050160292e-01 2.081845263949839431e-01
7.918154969180060121e-01 2.081845030819940434e-01
7.918154933843242205e-01 2.081845066156759183e-01
7.918154996916050292e-01 2.081845003083950818e-01
7.918154927231015883e-01 2.081845072768984672e-01
7.918153886342277348e-01 2.081846113657722652e-01
1.802711986638326769e-01 8.197288013361673231e-01
1.802711986638326769e-01 8.197288013361672121e-01
1.802711986638327046e-01 8.197288013361673231e-01
1.802711986638326769e-01 8.197288013361673231e-01
1.802711986638326769e-01 8.197288013361673231e-01
7.918154966491131042e-01 2.081845033508868126e-01
7.918154971140181075e-01 2.081845028859819202e-01
7.918154954986358351e-01 2.081845045013642204e-01
7.918154975760406389e-01 2.081845024239593056e-01
7.918151190240114712e-01 2.081848809759885566e-01
1.802711986638326769e-01 8.197288013361672121e-01
1.802711986638326769e-01 8.197288013361672121e-01
1.802711986638326769e-01 8.197288013361673231e-01
1.802711986638326769e-01 8.197288013361672121e-01
1.802711986638327046e-01 8.197288013361673231e-01
1.802711986638327046e-01 8.197288013361673231e-01
1.802711986638326769e-01 8.197288013361673231e-01
7.918154980201249638e-01 2.081845019798749807e-01
7.918154370673604614e-01 2.081845629326396219e-01
7.918155031832759816e-01 2.081844968167241017e-01
7.918154998503450503e-01 2.081845001496549497e-01
7.918154971369028017e-01 2.081845028630971151e-01
7.918154984709440125e-01 2.081845015290560152e-01
7.918154991398330678e-01 2.081845008601669322e-01
7.918155012327735554e-01 2.081844987672263891e-01
7.918154994616525277e-01 2.081845005383475278e-01
7.918154783818391884e-01 2.081845216181608116e-01
7.918155023089461508e-01 2.081844976910538769e-01
7.918153622611681097e-01 2.081846377388319735e-01
7.918154980533018694e-01 2.081845019466981306e-01
7.918154991563827183e-01 2.081845008436172817e-01
7.918155022680529731e-01 2.081844977319470269e-01
7.918154982373948325e-01 2.081845017626052230e-01
7.918154996828182801e-01 2.081845003171818309e-01
7.918154862621200607e-01 2.081845137378799671e-01
7.918154130085127695e-01 2.081845869914872027e-01
1.802711986638326769e-01 8.197288013361673231e-01
1.802711986638326769e-01 8.197288013361672121e-01
1.802711986638327046e-01 8.197288013361673231e-01
1.802711986638327046e-01 8.197288013361673231e-01
7.918152877696418290e-01 2.081847122303582265e-01
1.802711986638326769e-01 8.197288013361673231e-01
1.802711986638327046e-01 8.197288013361673231e-01
1.802711986638326769e-01 8.197288013361673231e-01
1.802711986638326769e-01 8.197288013361673231e-01
1.802711986638326769e-01 8.197288013361673231e-01
7.918154998661300903e-01 2.081845001338700207e-01
7.918154897844569273e-01 2.081845102155431004e-01
7.918154978638362040e-01 2.081845021361638792e-01
7.918155015595828017e-01 2.081844984404173093e-01
7.918155026198232527e-01 2.081844973801766918e-01
7.918154659584817345e-01 2.081845340415182377e-01
7.918154555131127204e-01 2.081845444868873352e-01
7.918154974948343749e-01 2.081845025051656806e-01
7.918154958994669812e-01 2.081845041005329910e-01
7.918154948073977684e-01 2.081845051926022039e-01
7.918154900658227469e-01 2.081845099341771699e-01
7.918154711718813354e-01 2.081845288281186090e-01
1.802711986638326769e-01 8.197288013361673231e-01
1.802711986638326769e-01 8.197288013361672121e-01
1.802711986638326769e-01 8.197288013361673231e-01
1.802711986638326769e-01 8.197288013361672121e-01
1.802711986638326769e-01 8.197288013361673231e-01
1.802711986638327046e-01 8.197288013361674341e-01
1.802711986638326769e-01 8.197288013361672121e-01
1.802711986638326769e-01 8.197288013361673231e-01
1.802711986638326769e-01 8.197288013361672121e-01
1.802711986638326769e-01 8.197288013361672121e-01
7.918154987713460491e-01 2.081845012286539787e-01
7.918155010653490367e-01 2.081844989346509356e-01
7.918154814717647261e-01 2.081845185282352184e-01
7.918154717212182447e-01 2.081845282787817275e-01
7.918151190409452589e-01 2.081848809590547966e-01
1.802711986638327046e-01 8.197288013361673231e-01
1.802711986638326769e-01 8.197288013361672121e-01
1.802711986638326769e-01 8.197288013361673231e-01
7.918154925451014181e-01 2.081845074548985264e-01
1.802711986638327046e-01 8.197288013361673231e-01
1.802711986638326769e-01 8.197288013361673231e-01
1.802711986638326769e-01 8.197288013361672121e-01
7.918155023238165890e-01 2.081844976761832999e-01
7.918154954613446650e-01 2.081845045386552240e-01
7.918152512446936520e-01 2.081847487553062370e-01
1.802711986638326769e-01 8.197288013361673231e-01
1.802711986638327046e-01 8.197288013361673231e-01
1.000000000000000000e+00 1.000000000000000000e+00
