3.233034857425946048e-18 1.000000000000000000e+00
3.957240098532026588e-24 1.000000000000000000e+00
1.270287980360747895e-21 1.000000000000000000e+00
1.963829918848120336e-25 1.000000000000000000e+00
7.728634571426188900e-23 1.000000000000000000e+00
3.455126240484911372e-22 1.000000000000000000e+00
9.999998538140908444e-01 1.461859091757292904e-07
9.999999987358092479e-01 1.264190723301155461e-09
9.999999973171775913e-01 2.682822391562961224e-09
9.999999840506220705e-01 1.594937781086254646e-08
9.999999803219247196e-01 1.967807528685178394e-08
9.999999986686309850e-01 1.331369059404589889e-09
9.999999734686647601e-01 2.653133528861189397e-08
9.999999950335227705e-01 4.966477307994788679e-09
9.999999983157306094e-01 1.684269426370433588e-09
9.999999992167384333e-01 7.832615901874371543e-10
3.739723620718351459e-20 1.000000000000000000e+00
3.778170247027686701e-23 1.000000000000000000e+00
7.301706997088828216e-23 1.000000000000000000e+00
6.137215868881858722e-25 1.000000000000000000e+00
9.999998931232437771e-01 1.068767561638307036e-07
9.999998400631158191e-01 1.599368841730467276e-07
9.999999974935267488e-01 2.506473264128696226e-09
8.822234525118369731e-18 1.000000000000000000e+00
9.999999730782195284e-01 2.692178048837959037e-08
9.999999493853374277e-01 5.061466250516457185e-08
9.999999401390088360e-01 5.986099113397431743e-08
9.999997409215224398e-01 2.590784775073346144e-07
9.999999982708389634e-01 1.729161067602949143e-09
9.999999476594226833e-01 5.234057731202337251e-08
9.999999428179915384e-01 5.718200850775896060e-08
9.999999913989547906e-01 8.601045114728193872e-09
2.743907931778688419e-18 1.000000000000000000e+00
4.498838273271163846e-23 1.000000000000000000e+00
9.999999872206152274e-01 1.277938478721311127e-08
9.999999749255722437e-01 2.507442788471358232e-08
9.999999832777176634e-01 1.672228229527816002e-08
9.999999980024855128e-01 1.997514464911143016e-09
9.999998104358213125e-01 1.895641786550199747e-07
9.999999990188034316e-01 9.811965368719883650e-10
4.017832333100751279e-18 1.000000000000000000e+00
1.016337867555282033e-22 1.000000000000000000e+00
4.321790752228602599e-23 1.000000000000000000e+00
9.999978095194635985e-01 2.190480536479866343e-06
9.999999093376136239e-01 9.066238636594873179e-08
1.538361612577531368e-21 1.000000000000000000e+00
4.841298709381813011e-20 1.000000000000000000e+00
1.777088149348543692e-18 1.000000000000000000e+00
1.972395673633258881e-27 1.000000000000000000e+00
2.701480018400648662e-22 1.000000000000000000e+00
5.585070020804545002e-22 1.000000000000000000e+00
4.496399283059036633e-24 1.000000000000000000e+00
9.999999267740729003e-01 7.322592707227418135e-08
1.422948917984584584e-20 1.000000000000000000e+00
9.999999270904895710e-01 7.290951038572898889e-08
9.999999956099875353e-01 4.390012493215481772e-09
9.999999838547093400e-01 1.614529073231307113e-08
2.146688750206104541e-22 1.000000000000000000e+00
9.999999484376170811e-01 5.156238303417356584e-08
9.999999901150838921e-01 9.884916004501156439e-09
1.676153969144846722e-23 1.000000000000000000e+00
9.999981320910694693e-01 1.867908930599004904e-06
9.999999578104790121e-01 4.218952092439686870e-08
9.999999987755885389e-01 1.224411413222962420e-09
2.999165416251889388e-28 1.000000000000000000e+00
9.999997846133190649e-01 2.153866809779502790e-07
9.999999991564292312e-01 8.435707014661315509e-10
9.999999648643778105e-01 3.513562216148765497e-08
9.999999701642731109e-01 2.983572690032180361e-08
9.999999982221332573e-01 1.777866710855053920e-09
9.999999955357484760e-01 4.464251477997834703e-09
2.373736777407716819e-20 1.000000000000000000e+00
8.390671803470793329e-17 9.999999999999998890e-01
5.358448917640257289e-23 1.000000000000000000e+00
1.270623057799401130e-16 9.999999999999998890e-01
2.169451193837252284e-24 1.000000000000000000e+00
3.954154711387202285e-25 1.000000000000000000e+00
6.843702067310116016e-24 1.000000000000000000e+00
3.550474656631978930e-19 1.000000000000000000e+00
2.734081338381652246e-21 1.000000000000000000e+00
3.726634408817097251e-21 1.000000000000000000e+00
9.999998152945760443e-01 1.847054240728497715e-07
9.999999702860774553e-01 2.971392257488651112e-08
9.999999960223105999e-01 3.977689445531706374e-09
9.999999942423428712e-01 5.757657212341821859e-09
9.999999621738903111e-01 3.782610968143829297e-08
1.964957183970269462e-21 1.000000000000000000e+00
1.806451303663060165e-19 1.000000000000000000e+00
5.555177682968888624e-26 1.000000000000000000e+00
1.386897507602963649e-25 1.000000000000000000e+00
1.063905844483794441e-19 1.000000000000000000e+00
3.555694312401745624e-22 1.000000000000000000e+00
1.050703481302817056e-17 1.000000000000000000e+00
4.730181273676819932e-22 1.000000000000000000e+00
2.962229704494332355e-21 1.000000000000000000e+00
8.073655551111240781e-22 1.000000000000000000e+00
9.999996547154897941e-01 3.452845102704453187e-07
9.999999881061338858e-01 1.189386619149084352e-08
9.999999992422237138e-01 7.577762641521314470e-10
5.817084415593564446e-25 1.000000000000000000e+00
1.979354328333702682e-22 1.000000000000000000e+00
1.831595285946868171e-23 1.000000000000000000e+00
1.798512530598670522e-21 1.000000000000000000e+00
1.976429648191682720e-20 1.000000000000000000e+00
2.886015882799084591e-22 1.000000000000000000e+00
1.034765306221186992e-23 1.000000000000000000e+00
2.904049145477335164e-18 1.000000000000000000e+00
1.048775056041644330e-28 1.000000000000000000e+00
3.614709857673242045e-23 1.000000000000000000e+00
7.656554649161311114e-19 1.000000000000000000e+00
9.999999821070874040e-01 1.789291260214953346e-08
2.420291445526966973e-19 1.000000000000000000e+00
4.568202659926832828e-17 1.000000000000000000e+00
1.696013790244595828e-18 1.000000000000000000e+00
9.999999519997061492e-01 4.800029390883564459e-08
9.999999987414263103e-01 1.258573769477227405e-09
9.999999972110963364e-01 2.788903710963174419e-09
9.999999863093331776e-01 1.369066679368211985e-08
9.999998008800582427e-01 1.991199417980342055e-07
9.999999008859018490e-01 9.911409809821591351e-08
2.652927669432004136e-24 1.000000000000000000e+00
1.200502503073758261e-21 1.000000000000000000e+00
2.168303288728437961e-23 1.000000000000000000e+00
5.943201513271323411e-23 1.000000000000000000e+00
9.999996434065210327e-01 3.565934789046349554e-07
9.999999978909069887e-01 2.109093054599263527e-09
9.999999898436520152e-01 1.015634804695362552e-08
9.999998966120872135e-01 1.033879128139334647e-07
9.999999964026713428e-01 3.597328604625181215e-09
9.999999990012362616e-01 9.987637073759133908e-10
9.999999972988200536e-01 2.701180037188299924e-09
9.999999828914944988e-01 1.710850556772544647e-08
9.999999967067215723e-01 3.293278414334298378e-09
2.854159009437864868e-23 1.000000000000000000e+00
6.701228248758493640e-25 1.000000000000000000e+00
1.098820344301560524e-21 1.000000000000000000e+00
9.999998930465257008e-01 1.069534743341789595e-07
9.999999971632466123e-01 2.836753353910649771e-09
9.999999795164191685e-01 2.048358080999414045e-08
3.395872790776217096e-24 1.000000000000000000e+00
1.614471312468033886e-23 1.000000000000000000e+00
5.652368105303793834e-25 1.000000000000000000e+00
9.999996313797797631e-01 3.686202202304861670e-07
9.999999620932558120e-01 3.790674411024955796e-08
9.999999834839818913e-01 1.651601816874380891e-08
9.999999914466835005e-01 8.553316515266315219e-09
9.999999978660524258e-01 2.133947601341898420e-09
9.999999976254315692e-01 2.374568422723998808e-09
9.999999990881752732e-01 9.118247134023392910e-10
1.030287930696573637e-19 1.000000000000000000e+00
9.999997301480932910e-01 2.698519065775660677e-07
1.005174340549349854e-20 1.000000000000000000e+00
1.012547252091986177e-18 1.000000000000000000e+00
9.014629197671404336e-22 1.000000000000000000e+00
1.775219304093337419e-21 1.000000000000000000e+00
5.420817292192195150e-22 1.000000000000000000e+00
6.100899955667809110e-25 1.000000000000000000e+00
3.196897672279668894e-24 1.000000000000000000e+00
5.488013372232071890e-20 1.000000000000000000e+00
2.088145565248598382e-26 1.000000000000000000e+00
2.936568802206116693e-28 1.000000000000000000e+00
6.801824203010964341e-23 1.000000000000000000e+00
5.396595234355116714e-27 1.000000000000000000e+00
9.999999761380080621e-01 2.386199197978736821e-08
9.999999964898442784e-01 3.510155796462064675e-09
9.999999549070518468e-01 4.509294806260940196e-08
9.999999907971445223e-01 9.202855457398830313e-09
9.999999956973031345e-01 4.302696770816946242e-09
9.999999990602541633e-01 9.397458324418742062e-10
9.999999122297351661e-01 8.777026483836970857e-08
9.999999988910767135e-01 1.108923205153397585e-09
9.999999977777239701e-01 2.222276032372860436e-09
9.999999871307854171e-01 1.286921468262439451e-08
2.126170038181096079e-20 1.000000000000000000e+00
3.480163814994814758e-22 1.000000000000000000e+00
5.317858693991663422e-26 1.000000000000000000e+00
2.509709729744597048e-19 1.000000000000000000e+00
4.845920882670944094e-25 1.000000000000000000e+00
4.931162778845339586e-25 1.000000000000000000e+00
7.138785672850287668e-22 1.000000000000000000e+00
4.473461503071742827e-22 1.000000000000000000e+00
1.004134163184750827e-21 1.000000000000000000e+00
3.470473722514552320e-26 1.000000000000000000e+00
9.999999015402439850e-01 9.845975605627051414e-08
9.999999883823716962e-01 1.161762824651747366e-08
9.999999828636754184e-01 1.713632459104358574e-08
9.999999982672878041e-01 1.732712219607627983e-09
9.999999329309769980e-01 6.706902302276223098e-08
1.966289543584632467e-21 1.000000000000000000e+00
8.245010471919883939e-19 1.000000000000000000e+00
2.474419049081182504e-20 1.000000000000000000e+00
9.999999645390498237e-01 3.546095023444655658e-08
9.999999049481524960e-01 9.505184753613004389e-08
9.999999893581309474e-01 1.064186918830588788e-08
9.999999911882526682e-01 8.811747416132654338e-09
9.999999993945293264e-01 6.054707105584805422e-10
9.999999976325252282e-01 2.367474730261044628e-09
9.999998983241548123e-01 1.016758451586569442e-07
9.999999908228099921e-01 9.177189945864181529e-09
9.999999988603851531e-01 1.139614837908815043e-09
9.999999986390857298e-01 1.360914244362475975e-09
4.040805082997712878e-18 1.000000000000000000e+00
2.241466395547981178e-21 1.000000000000000000e+00
4.753792463635392240e-22 1.000000000000000000e+00
9.999999511087322990e-01 4.889126762772275652e-08
1.277647661137028836e-17 1.000000000000000000e+00
2.717528077252694394e-22 1.000000000000000000e+00
1.134369162770563407e-26 1.000000000000000000e+00
1.383079523673173832e-19 1.000000000000000000e+00
8.344473736590388403e-21 1.000000000000000000e+00
6.610494732455988513e-19 1.000000000000000000e+00
2.869480403459807437e-26 1.000000000000000000e+00
1.146275857748587677e-24 1.000000000000000000e+00
2.843574576556609221e-22 1.000000000000000000e+00
1.593977990037498552e-20 1.000000000000000000e+00
5.219864931974549807e-24 1.000000000000000000e+00
4.096617294329349165e-19 1.000000000000000000e+00
9.999995543250942420e-01 4.456749058967979841e-07
9.999999953357628923e-01 4.664237163074079206e-09
9.999999911981075629e-01 8.801892538683038957e-09
9.999999829901559112e-01 1.700984405436330712e-08
9.999999981486102918e-01 1.851389666887898725e-09
9.999999674995949661e-01 3.250040513304472887e-08
9.999999970480266676e-01 2.951973341774117210e-09
2.692728663903177674e-26 1.000000000000000000e+00
9.460587794692262096e-25 1.000000000000000000e+00
6.308742645329245236e-21 1.000000000000000000e+00
4.035709783839929074e-18 1.000000000000000000e+00
1.846193991329855256e-16 9.999999999999998890e-01
1.697615186468758803e-21 1.000000000000000000e+00
3.273136814091370258e-22 1.000000000000000000e+00
4.511132109423720008e-26 1.000000000000000000e+00
3.037710568401778706e-23 1.000000000000000000e+00
4.917848984344792096e-26 1.000000000000000000e+00
4.781526033826650874e-21 1.000000000000000000e+00
4.845957719875684018e-22 1.000000000000000000e+00
9.999998479154673658e-01 1.520845325772044060e-07
9.999999962824142052e-01 3.717585735741924664e-09
9.585244522590198252e-21 1.000000000000000000e+00
2.275225422375193299e-22 1.000000000000000000e+00
2.166677219014547733e-22 1.000000000000000000e+00
1.651829308262342335e-19 1.000000000000000000e+00
9.999998343845227788e-01 1.656154771787515343e-07
9.999999275127970932e-01 7.248720290574760096e-08
9.999999026683951131e-01 9.733160492486551484e-08
9.999999703000974627e-01 2.969990253277078651e-08
9.999999980523814891e-01 1.947618458557029027e-09
9.999999970259658699e-01 2.974034196007372489e-09
9.999999333599944862e-01 6.664000554165663029e-08
9.999999988596528500e-01 1.140347132641124966e-09
9.999999853895847890e-01 1.461041511600791332e-08
9.999999925839605508e-01 7.416039347109889839e-09
9.999999932029903782e-01 6.797009527926448102e-09
9.999999873528991889e-01 1.264710068568964110e-08
9.999999944513618955e-01 5.548637986451961296e-09
9.999999978496938446e-01 2.150306239933662588e-09
9.999999993889209238e-01 6.110790534326854225e-10
9.999999977403938312e-01 2.259606122340562861e-09
9.999999933436807265e-01 6.656319278988083201e-09
9.999999958090622920e-01 4.190937734853787914e-09
9.999999927499582109e-01 7.250041780232396380e-09
9.999998597672380418e-01 1.402327620437982400e-07
9.999999758208961698e-01 2.417910373724059691e-08
9.999999974677576953e-01 2.532242302212098759e-09
1.020003144858132822e-23 1.000000000000000000e+00
9.999997868743822904e-01 2.131256176296202485e-07
9.999999987039587257e-01 1.296041259381657503e-09
9.999999970284357831e-01 2.971564213566183203e-09
8.634514289067853013e-22 1.000000000000000000e+00
1.071855533330004330e-21 1.000000000000000000e+00
9.999998207564424479e-01 1.792435576152387495e-07
9.999999697767357754e-01 3.022326420247880244e-08
9.999999851570092746e-01 1.484299077224984375e-08
9.999999522331748381e-01 4.776682511443789067e-08
9.999999967581669758e-01 3.241833061480042160e-09
9.999999951029356904e-01 4.897064371118108585e-09
9.999999924602827051e-01 7.539717201759478543e-09
9.999998900067048613e-01 1.099932951604784609e-07
9.999999736695783792e-01 2.633042152767001062e-08
9.999999657533020780e-01 3.424669782629819107e-08
9.999999917413372463e-01 8.258662850170892800e-09
9.999999884350325718e-01 1.156496734558701129e-08
9.999999837679308667e-01 1.623206913920557167e-08
9.999999989842730530e-01 1.015726883478108696e-09
9.999999735814627533e-01 2.641853723363751921e-08
2.525961629496130695e-17 1.000000000000000000e+00
9.999994338777319358e-01 5.661222679323339902e-07
9.999998941367141958e-01 1.058632857608042401e-07
9.999999663742226153e-01 3.362577735464487107e-08
9.999999890427681004e-01 1.095723199048329494e-08
1.128643194499692501e-22 1.000000000000000000e+00
7.827562345702997024e-24 1.000000000000000000e+00
1.295522576319553433e-26 1.000000000000000000e+00
4.939575858074353459e-23 1.000000000000000000e+00
9.999997609648073604e-01 2.390351927001531769e-07
9.999999989810397505e-01 1.018960295773537677e-09
1.573575360235140265e-22 1.000000000000000000e+00
1.035945519261153666e-21 1.000000000000000000e+00
9.999985738208058139e-01 1.426179194132592755e-06
1.054155093489834110e-22 1.000000000000000000e+00
3.309677018074677559e-27 1.000000000000000000e+00
4.090287842283806148e-23 1.000000000000000000e+00
7.772852872230966799e-27 1.000000000000000000e+00
1.680530157240740935e-20 1.000000000000000000e+00
3.908601208715166336e-25 1.000000000000000000e+00
5.019631732560544690e-28 1.000000000000000000e+00
2.545328119870621454e-24 1.000000000000000000e+00
7.746373584642611229e-23 1.000000000000000000e+00
1.140616134690335115e-20 1.000000000000000000e+00
1.682552432614185914e-24 1.000000000000000000e+00
1.543952666771588436e-27 1.000000000000000000e+00
9.999999055048754970e-01 9.449512454647160413e-08
2.696238234713758288e-24 1.000000000000000000e+00
8.748365248368457102e-21 1.000000000000000000e+00
2.922953324908366055e-17 1.000000000000000000e+00
9.419013058587652428e-23 1.000000000000000000e+00
2.866174294433689031e-26 1.000000000000000000e+00
3.951963440853640954e-18 1.000000000000000000e+00
3.065380172497756136e-25 1.000000000000000000e+00
1.928668486522543867e-26 1.000000000000000000e+00
1.142795861866723728e-21 1.000000000000000000e+00
6.518041692530023501e-21 1.000000000000000000e+00
7.059000844691514483e-22 1.000000000000000000e+00
9.999999629097456877e-01 3.709025437050770074e-08
9.999999908648093960e-01 9.135190587577945797e-09
9.999999774461784119e-01 2.255382159585671918e-08
9.999999854539017852e-01 1.454609808401370882e-08
6.758599680385113154e-24 1.000000000000000000e+00
3.129666626881448877e-23 1.000000000000000000e+00
9.999997557799428227e-01 2.442200571528637654e-07
9.999999468513595113e-01 5.314864044193378170e-08
9.999999872474666374e-01 1.275253334912554544e-08
9.999999896637496999e-01 1.033625027349778442e-08
9.999998353166774656e-01 1.646833226006839989e-07
9.999999830560444281e-01 1.694395553233710082e-08
9.999999809662675210e-01 1.903373239845545293e-08
9.999999934883442299e-01 6.511655844989624084e-09
9.999999780204665845e-01 2.197953343447661904e-08
9.999999920066128256e-01 7.993387164130107014e-09
9.999999983600713627e-01 1.639928717211421982e-09
9.999999985587694207e-01 1.441230589553266570e-09
6.854605553894478604e-23 1.000000000000000000e+00
2.248844274584476763e-18 1.000000000000000000e+00
5.225012458526345426e-21 1.000000000000000000e+00
9.999999840778628357e-01 1.592213716876158302e-08
9.999999981540049765e-01 1.845994956541374557e-09
9.999999713740470586e-01 2.862595286167508862e-08
9.999999992032114760e-01 7.967886040508921233e-10
7.602636051768640407e-26 1.000000000000000000e+00
1.164422501154141578e-21 1.000000000000000000e+00
9.999997206389341642e-01 2.793610657379688064e-07
4.823424487539545056e-20 1.000000000000000000e+00
9.999999590034359676e-01 4.099656412797321820e-08
9.999999928128080473e-01 7.187191948418735148e-09
1.770338677679130006e-19 1.000000000000000000e+00
4.188450383191412862e-18 1.000000000000000000e+00
9.999998699104015731e-01 1.300895984640845539e-07
9.999999989136182377e-01 1.086381798624235357e-09
9.999999982044111002e-01 1.795588945966772257e-09
9.999999844273640415e-01 1.557263586062668058e-08
9.999999625929487657e-01 3.740705127445724190e-08
9.999999930722189845e-01 6.927780922809214755e-09
9.999999738876034217e-01 2.611239657635294763e-08
9.999999050059789063e-01 9.499402118034991786e-08
9.999999988237211479e-01 1.176278761013298787e-09
9.999999502816582231e-01 4.971834175743556407e-08
9.999999796649684525e-01 2.033503148761013630e-08
9.999999923960735115e-01 7.603926445013773806e-09
9.999999974123351398e-01 2.587664898078035555e-09
9.999995747990211292e-01 4.252009788489720404e-07
1.519174830148672391e-18 1.000000000000000000e+00
1.917134899886219585e-23 1.000000000000000000e+00
1.469187130594030727e-23 1.000000000000000000e+00
3.362263951369492367e-24 1.000000000000000000e+00
1.895882009369138902e-20 1.000000000000000000e+00
8.982820605532566310e-22 1.000000000000000000e+00
4.912043698880718737e-25 1.000000000000000000e+00
9.999999867662301423e-01 1.323376974990798093e-08
9.999999815818597648e-01 1.841814008132383660e-08
9.999999971848828606e-01 2.815117191825093152e-09
5.782876131191688250e-21 1.000000000000000000e+00
1.489841225363762785e-24 1.000000000000000000e+00
9.999999558551793122e-01 4.414482071391547745e-08
9.999999974290402216e-01 2.570959797874785567e-09
9.999998209068409194e-01 1.790931591410451954e-07
4.149524633222340709e-19 1.000000000000000000e+00
9.999997116743841730e-01 2.883256157545355897e-07
9.999997729343657049e-01 2.270656342753119649e-07
9.999999708124041042e-01 2.918759590181645382e-08
9.999999932439914696e-01 6.756008516783564584e-09
9.999999975402205088e-01 2.459779470048213748e-09
9.999999770384494502e-01 2.296155040547271596e-08
9.999999984117458052e-01 1.588254143530994160e-09
4.202948195756519293e-20 1.000000000000000000e+00
1.550253534231961802e-24 1.000000000000000000e+00
3.380313774154621185e-22 1.000000000000000000e+00
2.123963127444956877e-22 1.000000000000000000e+00
3.798398604616151122e-23 1.000000000000000000e+00
9.999992072061018034e-01 7.927938982924302360e-07
9.999999790543663281e-01 2.094563375597023825e-08
9.999999244317017144e-01 7.556829819749920590e-08
4.083425968782099818e-17 1.000000000000000000e+00
9.999996762511711434e-01 3.237488287378109149e-07
9.999999926344119716e-01 7.365588004213044046e-09
9.999999829170611587e-01 1.708293882340882936e-08
1.652919736236682995e-18 1.000000000000000000e+00
8.173369046681813905e-21 1.000000000000000000e+00
9.999998863107644187e-01 1.136892355524843059e-07
9.999999967468710116e-01 3.253128922562989413e-09
9.999999976363397325e-01 2.363660160961302958e-09
9.999999950443461127e-01 4.955654005571995703e-09
7.333553442207317864e-21 1.000000000000000000e+00
3.000544968265393498e-21 1.000000000000000000e+00
2.818574444422660391e-22 1.000000000000000000e+00
4.558857517510013301e-21 1.000000000000000000e+00
1.483681555623834357e-19 1.000000000000000000e+00
4.335998906056494389e-19 1.000000000000000000e+00
9.999999120487291782e-01 8.795127089040080048e-08
9.999999459885779984e-01 5.401142198957059770e-08
9.999999979098528335e-01 2.090147100203047787e-09
9.999998808763206348e-01 1.191236793774081049e-07
1.695526724795385190e-19 1.000000000000000000e+00
2.598938137470627478e-25 1.000000000000000000e+00
9.999990744869683423e-01 9.255130316822996674e-07
9.999999437471798203e-01 5.625282027836451022e-08
9.999999850562306669e-01 1.494376923962098244e-08
9.999999983892515765e-01 1.610748446102154314e-09
9.999999979908398284e-01 2.009160207541896348e-09
9.999999666583240243e-01 3.334167590450959941e-08
9.999999997539976704e-01 2.460023508700686896e-10
9.999999963611971854e-01 3.638802748657687217e-09
9.999999867451451196e-01 1.325485475215663300e-08
9.999999921335954722e-01 7.866404446469740198e-09
9.999999960101579877e-01 3.989842018688538484e-09
9.999999674757016344e-01 3.252429833272258482e-08
9.999999959749116263e-01 4.025088315453172806e-09
9.999999974754207877e-01 2.524579168503570929e-09
9.999998937627698758e-01 1.062372300511159378e-07
9.999999935980892207e-01 6.401910746590525817e-09
2.077007423844585042e-22 1.000000000000000000e+00
6.953241054600371702e-23 1.000000000000000000e+00
1.422460338040501511e-21 1.000000000000000000e+00
2.062656618849395419e-21 1.000000000000000000e+00
2.764322342859628719e-25 1.000000000000000000e+00
9.999949681239059807e-01 5.031876094139877270e-06
9.999999967954731339e-01 3.204526739738684806e-09
9.999999960820847855e-01 3.917915216354969754e-09
9.999999912289504467e-01 8.771049477611553185e-09
9.999999985712002548e-01 1.428799690177805298e-09
9.999999711611278208e-01 2.883887224906434706e-08
9.999999722851199424e-01 2.771488014046199314e-08
9.999999114534546818e-01 8.854654535377310021e-08
6.646600433396958976e-21 1.000000000000000000e+00
9.999998808851143783e-01 1.191148855761469647e-07
9.999999476933235654e-01 5.230667637885439410e-08
9.999999856884117522e-01 1.431158826882279227e-08
6.220228502033613816e-23 1.000000000000000000e+00
1.065180386874165002e-23 1.000000000000000000e+00
4.058450997874066663e-23 1.000000000000000000e+00
5.421122837783849892e-20 1.000000000000000000e+00
7.941560187513925607e-24 1.000000000000000000e+00
2.944480995253899971e-25 1.000000000000000000e+00
5.561846612781126385e-23 1.000000000000000000e+00
5.155696029606339694e-20 1.000000000000000000e+00
1.244138904001704498e-19 1.000000000000000000e+00
9.999998721985824401e-01 1.278014176588791344e-07
9.999999701655057915e-01 2.983449416258573056e-08
9.999999928206764199e-01 7.179323501808933010e-09
9.999999911015113874e-01 8.898488611682677023e-09
9.999999933532595087e-01 6.646740362621681634e-09
9.999999916446692394e-01 8.355330876277660076e-09
9.999999794665359598e-01 2.053346413493533459e-08
9.999999958883731832e-01 4.111626788307996440e-09
9.999999985283531956e-01 1.471646813572379277e-09
3.469822780752201825e-19 1.000000000000000000e+00
5.830267946741552009e-25 1.000000000000000000e+00
2.701551136691699761e-22 1.000000000000000000e+00
9.999998701981099858e-01 1.298018900633228708e-07
9.999999725428402320e-01 2.745715978330156959e-08
9.999999849584793044e-01 1.504152063890003377e-08
9.999999981268654636e-01 1.873134582571818939e-09
9.999999993869420623e-01 6.130580079754525761e-10
6.237194638004659183e-21 1.000000000000000000e+00
1.080509902793753814e-24 1.000000000000000000e+00
2.504791138705418539e-25 1.000000000000000000e+00
9.999883656928930664e-01 1.163430710685913438e-05
1.499830412388943730e-23 1.000000000000000000e+00
9.127242957086671060e-24 1.000000000000000000e+00
9.999997039354932005e-01 2.960645067690441944e-07
9.999999956421814495e-01 4.357818441123691187e-09
9.999999975642397398e-01 2.435760343745815995e-09
9.999999902395670937e-01 9.760432956139459494e-09
9.999999403166918155e-01 5.968330821914651947e-08
9.999999767913884119e-01 2.320861170132805489e-08
9.999998550914996898e-01 1.449085002455219530e-07
9.999999827610289715e-01 1.723897096829683766e-08
9.999999386121075640e-01 6.138789251640274074e-08
9.999999962005244880e-01 3.799475470885072996e-09
9.999997633707865541e-01 2.366292135477313929e-07
9.999999802745329625e-01 1.972546692221928014e-08
9.999999992971063678e-01 7.028935650878796668e-10
9.999999873572039677e-01 1.264279597754511581e-08
9.999999900967546651e-01 9.903245373257100128e-09
9.999999977421181185e-01 2.257881944080008009e-09
7.423526651960700578e-22 1.000000000000000000e+00
9.999996773631875113e-01 3.226368124847737496e-07
9.999998812585745300e-01 1.187414253990553375e-07
9.999999407357353931e-01 5.926426462858557076e-08
9.999999708852407299e-01 2.911475929862803561e-08
9.999999985517442624e-01 1.448255715077458806e-09
9.999999872125695521e-01 1.278743040024695196e-08
4.069414903326093283e-23 1.000000000000000000e+00
2.724756961477841863e-27 1.000000000000000000e+00
2.115752597775691171e-18 1.000000000000000000e+00
3.424615847658592168e-22 1.000000000000000000e+00
7.984250267196974912e-21 1.000000000000000000e+00
9.999989898017795920e-01 1.010198220410722446e-06
1.749811465824398098e-21 1.000000000000000000e+00
5.349119436723811283e-18 1.000000000000000000e+00
8.826967673053695385e-19 1.000000000000000000e+00
1.354152238306341617e-21 1.000000000000000000e+00
9.478857001490022547e-23 1.000000000000000000e+00
1.766412572130446983e-22 1.000000000000000000e+00
4.805705842928427990e-23 1.000000000000000000e+00
2.409459818305930064e-29 1.000000000000000000e+00
1.442358532490517861e-18 1.000000000000000000e+00
8.112329963130454114e-21 1.000000000000000000e+00
5.016836300621470011e-23 1.000000000000000000e+00
2.976034063759233419e-22 1.000000000000000000e+00
7.384856517766862728e-24 1.000000000000000000e+00
9.296063233813802180e-24 1.000000000000000000e+00
2.695133103095664749e-21 1.000000000000000000e+00
1.969646101346243331e-22 1.000000000000000000e+00
9.999999896703647417e-01 1.032963520732354947e-08
9.999999953511675699e-01 4.648832539164858297e-09
9.999999970705971686e-01 2.929402910617981438e-09
9.999998896520693181e-01 1.103479307661451926e-07
9.999999440616128554e-01 5.593838717509441765e-08
4.339041477203617641e-26 1.000000000000000000e+00
3.417341253287693213e-21 1.000000000000000000e+00
1.933492970106027636e-22 1.000000000000000000e+00
5.064962222741341592e-24 1.000000000000000000e+00
1.012013233206509489e-19 1.000000000000000000e+00
1.875305869609403356e-21 1.000000000000000000e+00
1.051214447996896645e-20 1.000000000000000000e+00
9.999998589910775726e-01 1.410089224071157689e-07
9.999998731408512587e-01 1.268591487558331932e-07
9.999999977474919310e-01 2.252508093781907068e-09
9.999999909058681080e-01 9.094131903882482316e-09
9.999999289111581868e-01 7.108884188611778816e-08
2.492383329765051904e-22 1.000000000000000000e+00
3.020582005613199272e-22 1.000000000000000000e+00
9.999996567290772020e-01 3.432709227503351221e-07
9.999999835711033125e-01 1.642889664456115716e-08
9.999999870436885319e-01 1.295631142538660182e-08
9.999999931177186996e-01 6.882281287466540685e-09
9.999999960790415532e-01 3.920958557497997714e-09
1.674073526017549967e-16 9.999999999999998890e-01
9.185091084758176478e-25 1.000000000000000000e+00
5.739348652201394948e-20 1.000000000000000000e+00
5.725305488171820843e-24 1.000000000000000000e+00
1.870039705518601887e-23 1.000000000000000000e+00
2.505602490487197483e-22 1.000000000000000000e+00
4.792745945008912579e-24 1.000000000000000000e+00
5.795653063942566444e-26 1.000000000000000000e+00
1.313694722937115298e-24 1.000000000000000000e+00
9.999986590881113635e-01 1.340911888654612341e-06
2.635189980090533643e-17 1.000000000000000000e+00
3.167724599638091754e-25 1.000000000000000000e+00
1.186472104582002098e-21 1.000000000000000000e+00
3.295841031473798806e-24 1.000000000000000000e+00
4.188980049364721268e-24 1.000000000000000000e+00
4.131753018080605858e-21 1.000000000000000000e+00
2.469453083726958427e-22 1.000000000000000000e+00
4.627157370443064026e-27 1.000000000000000000e+00
3.556908706050789483e-23 1.000000000000000000e+00
5.854367119903744821e-22 1.000000000000000000e+00
1.024763524880811937e-23 1.000000000000000000e+00
1.914126070185989238e-23 1.000000000000000000e+00
1.065337143824614635e-25 1.000000000000000000e+00
1.369628475073734623e-19 1.000000000000000000e+00
3.366214320709993020e-27 1.000000000000000000e+00
9.999997775974297509e-01 2.224025702046081521e-07
9.999999655996182346e-01 3.440038173874010525e-08
9.999999995197362823e-01 4.802637144646926095e-10
9.999999993359974804e-01 6.640025589875318728e-10
6.993566349243871262e-21 1.000000000000000000e+00
1.031469373682718830e-20 1.000000000000000000e+00
9.999999673703140468e-01 3.262968601794821210e-08
9.999999612227142842e-01 3.877728576983215283e-08
9.999999961810071003e-01 3.818992970428156190e-09
9.999999725091490710e-01 2.749085089337821563e-08
9.999999910467660680e-01 8.953234060878047256e-09
9.999999982830752865e-01 1.716924738256728981e-09
9.999997810415672816e-01 2.189584327210367431e-07
9.999999984109655404e-01 1.589034498561960804e-09
9.999999777664534406e-01 2.223354650689119384e-08
9.999999840761613079e-01 1.592383870111027231e-08
9.999999292255878913e-01 7.077441205064230788e-08
9.999999952840089579e-01 4.715991179903680453e-09
9.999999975318316636e-01 2.468168389317168434e-09
9.999999520903105621e-01 4.790968939537639832e-08
9.999998343400079426e-01 1.656599921189463882e-07
9.999999874974015990e-01 1.250259832549085984e-08
9.999998078363501186e-01 1.921636498549550049e-07
3.824726251896449604e-21 1.000000000000000000e+00
4.163573795001983268e-20 1.000000000000000000e+00
9.999998668602868568e-01 1.331397131950792094e-07
9.999999900335452274e-01 9.966454861542969556e-09
9.999999857757535526e-01 1.422424642615636548e-08
9.761680482939682796e-26 1.000000000000000000e+00
4.823888105863271452e-20 1.000000000000000000e+00
3.680020817021319298e-22 1.000000000000000000e+00
7.297336103077940224e-22 1.000000000000000000e+00
9.999979205458627840e-01 2.079454137170182181e-06
9.999999948291801166e-01 5.170819963161874694e-09
9.999999285112894931e-01 7.148871046300372619e-08
9.672621697796052886e-20 1.000000000000000000e+00
5.393955323684055589e-23 1.000000000000000000e+00
6.832444091894804083e-21 1.000000000000000000e+00
1.896230362623213251e-21 1.000000000000000000e+00
9.999992381737696778e-01 7.618262302938413633e-07
9.999999905775653897e-01 9.422434685985606157e-09
9.999999971923625441e-01 2.807637544380297128e-09
9.999999967672820178e-01 3.232718084595579848e-09
9.999999992760941758e-01 7.239057274523726755e-10
9.999999947837285852e-01 5.216271471396108358e-09
2.973985056177260070e-23 1.000000000000000000e+00
3.209204670039294902e-23 1.000000000000000000e+00
8.330386076606493110e-22 1.000000000000000000e+00
3.194477094746361005e-22 1.000000000000000000e+00
1.505048450586124155e-25 1.000000000000000000e+00
8.567224279943998333e-27 1.000000000000000000e+00
9.999982656878013687e-01 1.734312198571520502e-06
9.999999892508796284e-01 1.074912042258033285e-08
9.999999970764127388e-01 2.923587299376416868e-09
9.999999802420869166e-01 1.975791302848401009e-08
9.999999927575295988e-01 7.242470508571097304e-09
9.999999981058766974e-01 1.894123247870950295e-09
9.999999860298566245e-01 1.397014347229679958e-08
9.999999837747545195e-01 1.622524534427781532e-08
9.999999828391265000e-01 1.716087344268166922e-08
9.999999874835410196e-01 1.251645905937118471e-08
9.999999781013423350e-01 2.189865763924969339e-08
9.999999974857540774e-01 2.514245929999362185e-09
9.999999951898094208e-01 4.810190526367364784e-09
9.999999975121582896e-01 2.487841697291127100e-09
9.999999981074618738e-01 1.892538072783137314e-09
9.999999953553915244e-01 4.644608490126405446e-09
9.999999984781902107e-01 1.521809812275461081e-09
9.999999932601494335e-01 6.739850569917173890e-09
1.156222349555907141e-18 1.000000000000000000e+00
1.793175640451659414e-19 1.000000000000000000e+00
1.142581992481210553e-26 1.000000000000000000e+00
3.306230226746399075e-20 1.000000000000000000e+00
9.999999183828217619e-01 8.161717828264649634e-08
2.886192872361947359e-18 1.000000000000000000e+00
2.605238408030928110e-24 1.000000000000000000e+00
9.999999564308367228e-01 4.356916319017563243e-08
9.999999984251238816e-01 1.574876092375385819e-09
9.999999937109982362e-01 6.289001760604528902e-09
9.999999940979772406e-01 5.902022729976840407e-09
6.936124769378491078e-19 1.000000000000000000e+00
3.008735719514560161e-20 1.000000000000000000e+00
1.693468660010732971e-26 1.000000000000000000e+00
5.287624219723619513e-20 1.000000000000000000e+00
2.059026443898862107e-21 1.000000000000000000e+00
6.956044305980471989e-18 1.000000000000000000e+00
1.767519426250927150e-24 1.000000000000000000e+00
3.607459547274032043e-26 1.000000000000000000e+00
9.739492159919312584e-24 1.000000000000000000e+00
1.285533787930610598e-20 1.000000000000000000e+00
1.781773760503011164e-17 1.000000000000000000e+00
9.999997515029345196e-01 2.484970655011239376e-07
9.999999984257706975e-01 1.574229340258001777e-09
1.967258062266984469e-21 1.000000000000000000e+00
2.439423982953625289e-25 1.000000000000000000e+00
5.300973691687376800e-28 1.000000000000000000e+00
9.999997953711291521e-01 2.046288708298948804e-07
9.999999828900276722e-01 1.710997234432627154e-08
4.340955620370751745e-23 1.000000000000000000e+00
5.512066202093263103e-24 1.000000000000000000e+00
9.999999347625676549e-01 6.523743226519305470e-08
9.999999993999155734e-01 6.000844728467718752e-10
1.346130655781264295e-18 1.000000000000000000e+00
1.562714392799071252e-21 1.000000000000000000e+00
2.313971800549071842e-23 1.000000000000000000e+00
9.411380280747674433e-24 1.000000000000000000e+00
1.282163579752588987e-20 1.000000000000000000e+00
9.999999773078644960e-01 2.269213551387508540e-08
9.999999927689016133e-01 7.231098330534064804e-09
9.999999776361214732e-01 2.236387848865572108e-08
9.999999981615544931e-01 1.838445540217403724e-09
9.999999961056919018e-01 3.894307939133791240e-09
9.999999549352950323e-01 4.506470499859758687e-08
9.999999962549523946e-01 3.745047688754569010e-09
9.999999994220544197e-01 5.779455765216665559e-10
9.999998573591482032e-01 1.426408517579198952e-07
2.316746854272914077e-23 1.000000000000000000e+00
8.315666553213255023e-24 1.000000000000000000e+00
4.015409147085130217e-26 1.000000000000000000e+00
1.624755151204837948e-22 1.000000000000000000e+00
1.354561675348758719e-22 1.000000000000000000e+00
9.999998058354665487e-01 1.941645334337552411e-07
9.999999977057059120e-01 2.294294097005609087e-09
9.999999986206365987e-01 1.379363431866503955e-09
9.999999956700523773e-01 4.329947641034784496e-09
9.999997888085896403e-01 2.111914103359608020e-07
9.999998784911005023e-01 1.215088994283379280e-07
9.999999946981577015e-01 5.301842380525684672e-09
9.999999762011696491e-01 2.379883021102091677e-08
9.999999754390204165e-01 2.456097956995831305e-08
1.597771623023840159e-20 1.000000000000000000e+00
9.999999382537723136e-01 6.174622781981004159e-08
9.999999864906001790e-01 1.350939975506315229e-08
9.999999937314436593e-01 6.268556326301704537e-09
9.999999982934548726e-01 1.706545150972437840e-09
9.999999760767124268e-01 2.392328758103502585e-08
9.999999781349268035e-01 2.186507320549608024e-08
9.999999926299298902e-01 7.370070203188404924e-09
9.999999939366234214e-01 6.063376613074136715e-09
9.999999911772352590e-01 8.822764708010218623e-09
2.684283856833538702e-18 1.000000000000000000e+00
1.039657037493101377e-22 1.000000000000000000e+00
9.999999286677063726e-01 7.133229362982516236e-08
1.661516551118195856e-20 1.000000000000000000e+00
9.999995621500342713e-01 4.378499658181969268e-07
9.999999921097086908e-01 7.890291234608171447e-09
9.999999974503676059e-01 2.549632324127747071e-09
9.999999712236554705e-01 2.877634450476264923e-08
9.999991291559267026e-01 8.708440732651013932e-07
9.999999917451267706e-01 8.254873222765694016e-09
9.999999934662667789e-01 6.533733205978580355e-09
9.999999952607592224e-01 4.739240763000496692e-09
2.203975370876552220e-24 1.000000000000000000e+00
4.361041203301566956e-23 1.000000000000000000e+00
2.383746851011116115e-18 1.000000000000000000e+00
9.999999263684553608e-01 7.363154467375179822e-08
9.999999857037010775e-01 1.429629897913357210e-08
9.999999960659791132e-01 3.934020878120138813e-09
9.999999182807983722e-01 8.171920173539783625e-08
9.999999955715910271e-01 4.428408831373042033e-09
9.999999861205820517e-01 1.387941802674056608e-08
9.999999886699020291e-01 1.133009791090519945e-08
9.999999796718758160e-01 2.032812423478679446e-08
9.999999996397525015e-01 3.602476097739622735e-10
9.999999904875899182e-01 9.512410126896291570e-09
9.999999903770321330e-01 9.622967875794527304e-09
9.999999947014138746e-01 5.298586102545084610e-09
9.999999985506414779e-01 1.449358500407688771e-09
9.999999970611218592e-01 2.938878101843421939e-09
9.999999985307990169e-01 1.469200911413296159e-09
9.999999984201110026e-01 1.579888971539180226e-09
5.752638356330770114e-18 1.000000000000000000e+00
9.999979503909719458e-01 2.049609028028320933e-06
9.999999736127328509e-01 2.638726710862672691e-08
3.079671031565187717e-16 9.999999999999996669e-01
9.999998538252574676e-01 1.461747425476620039e-07
5.370384166964908547e-20 1.000000000000000000e+00
2.096288886496448172e-20 1.000000000000000000e+00
6.765801787614476335e-28 1.000000000000000000e+00
9.999997593628786596e-01 2.406371213277344660e-07
9.999999884166191899e-01 1.158338082205150439e-08
9.999999979370529646e-01 2.062947067001601979e-09
1.522305035598295997e-21 1.000000000000000000e+00
1.813250902103634287e-21 1.000000000000000000e+00
1.969471908210610925e-19 1.000000000000000000e+00
3.757804492685748773e-20 1.000000000000000000e+00
9.760665227535429247e-26 1.000000000000000000e+00
4.698952358266718651e-20 1.000000000000000000e+00
2.488778161056241110e-18 1.000000000000000000e+00
5.127572654079712212e-20 1.000000000000000000e+00
9.999998451625233820e-01 1.548374765673089769e-07
9.999999994071991916e-01 5.928007871069802311e-10
5.377912872739244989e-18 1.000000000000000000e+00
3.460816288217346696e-16 9.999999999999996669e-01
9.999995901633892403e-01 4.098366106737230254e-07
9.999999987592481654e-01 1.240751731797538056e-09
9.999999988120122918e-01 1.187987597693193873e-09
9.999999905801244537e-01 9.419875608101694145e-09
9.999999939924227865e-01 6.007577098223450918e-09
9.999999997925825834e-01 2.074173537661937587e-10
9.999999881439884941e-01 1.185601144197137829e-08
9.999999988410193108e-01 1.158980772787483253e-09
9.999999952472597986e-01 4.752740180373587691e-09
3.422171698476186784e-20 1.000000000000000000e+00
1.604062962124820429e-24 1.000000000000000000e+00
9.999998688660378665e-01 1.311339621494285590e-07
9.999999360451428121e-01 6.395485718951223004e-08
1.598910214247056987e-20 1.000000000000000000e+00
1.386363896819970280e-23 1.000000000000000000e+00
9.999999703529980355e-01 2.964700191720551191e-08
9.999999165047231964e-01 8.349527686898619119e-08
9.999999992223134182e-01 7.776865902024457738e-10
9.999999846192656472e-01 1.538073437624320928e-08
9.999999938963672896e-01 6.103632625338853249e-09
9.999999835426033323e-01 1.645739668817906176e-08
9.999999972050239716e-01 2.794976014420706320e-09
7.973671787200289931e-20 1.000000000000000000e+00
2.844397610573054600e-23 1.000000000000000000e+00
2.794517880775164722e-25 1.000000000000000000e+00
9.999998885100318535e-01 1.114899681098982012e-07
9.999999920793231079e-01 7.920676870103134849e-09
9.999999954484429798e-01 4.551557032284383909e-09
9.999999883320171978e-01 1.166798276033648793e-08
9.999998201100465112e-01 1.798899535142326366e-07
9.999999914471467966e-01 8.552853139339077126e-09
9.999999898045245361e-01 1.019547540326311896e-08
9.999999992686371408e-01 7.313628186012380958e-10
9.999996789268471575e-01 3.210731527939054010e-07
9.999999884843102649e-01 1.151568977393766714e-08
9.999999608621920055e-01 3.913780799527269702e-08
9.999999759232615082e-01 2.407673859709415142e-08
9.999999985438151606e-01 1.456184878623046258e-09
9.999999804017563054e-01 1.959824374873458768e-08
9.999997870879514528e-01 2.129120485396517942e-07
9.999999923826948800e-01 7.617305206838164143e-09
7.665726286516578941e-21 1.000000000000000000e+00
1.911377300145920579e-20 1.000000000000000000e+00
1.197808385103546344e-25 1.000000000000000000e+00
3.718577972044387829e-19 1.000000000000000000e+00
2.263243870624689906e-21 1.000000000000000000e+00
6.903292645996193872e-24 1.000000000000000000e+00
4.391323034393412130e-20 1.000000000000000000e+00
1.589783833712633471e-24 1.000000000000000000e+00
9.999996309982887022e-01 3.690017112911100253e-07
9.999999968090209634e-01 3.190979110026840400e-09
9.999999992792638626e-01 7.207362212240526159e-10
9.999999680177997785e-01 3.198220015465572145e-08
9.999999712695157861e-01 2.873048426531761099e-08
9.999999956561943515e-01 4.343805545606211743e-09
5.896807162582161905e-24 1.000000000000000000e+00
3.976259922857078337e-23 1.000000000000000000e+00
9.925077492680350248e-20 1.000000000000000000e+00
2.126565100045933654e-21 1.000000000000000000e+00
9.999999704301841819e-01 2.956981575671537258e-08
9.999999909454159175e-01 9.054584081539345847e-09
9.999999986130018170e-01 1.386998151043546966e-09
9.999999873517678717e-01 1.264823204942428116e-08
9.999999955177194533e-01 4.482280669282620832e-09
9.999998902814100088e-01 1.097185898794510250e-07
9.999999471625798941e-01 5.283742013103730732e-08
9.999999759281726908e-01 2.407182731670370971e-08
9.999999964634903593e-01 3.536509695624736231e-09
9.999999129615013693e-01 8.703849868752054454e-08
9.999999986367019700e-01 1.363298021612861270e-09
9.999999972379408630e-01 2.762059209882714754e-09
9.999999525747602647e-01 4.742523971762553286e-08
3.976517362306605009e-28 1.000000000000000000e+00
2.809315601221033260e-22 1.000000000000000000e+00
9.496768565541018218e-23 1.000000000000000000e+00
2.857963435437536560e-27 1.000000000000000000e+00
2.000816689499965596e-20 1.000000000000000000e+00
1.371044961232955457e-22 1.000000000000000000e+00
3.437780097413462793e-21 1.000000000000000000e+00
7.614168835399053773e-22 1.000000000000000000e+00
2.989296308867705388e-22 1.000000000000000000e+00
1.300488136404874597e-21 1.000000000000000000e+00
1.895047712149043754e-20 1.000000000000000000e+00
2.110286521309494527e-26 1.000000000000000000e+00
2.752711772005188498e-21 1.000000000000000000e+00
8.853545262530259748e-21 1.000000000000000000e+00
2.220512534481425036e-21 1.000000000000000000e+00
4.169909990871908836e-18 1.000000000000000000e+00
1.076306803602697755e-23 1.000000000000000000e+00
9.999999026573958005e-01 9.734260418144382069e-08
9.999999020640277791e-01 9.793597220310291200e-08
9.999999708431285272e-01 2.915687148350349207e-08
9.999999905425234203e-01 9.457476658648134081e-09
9.999999961689941541e-01 3.831005740474170569e-09
1.293396450621391589e-22 1.000000000000000000e+00
2.522978230894278705e-20 1.000000000000000000e+00
2.562983389130811466e-30 1.000000000000000000e+00
1.220540378430551906e-23 1.000000000000000000e+00
9.535940061102432080e-21 1.000000000000000000e+00
1.350356680658506687e-24 1.000000000000000000e+00
7.664065642071095564e-25 1.000000000000000000e+00
1.183381566306964578e-18 1.000000000000000000e+00
2.727352009224670876e-23 1.000000000000000000e+00
1.642832408486429423e-20 1.000000000000000000e+00
2.147603719961580971e-21 1.000000000000000000e+00
9.575996727401930336e-23 1.000000000000000000e+00
1.929903185803133641e-24 1.000000000000000000e+00
9.999999886271115912e-01 1.137288842169499647e-08
9.999998787154807944e-01 1.212845192907696481e-07
9.999999984564069688e-01 1.543592958389729150e-09
9.999999947513349419e-01 5.248665070231888496e-09
9.999999914713990634e-01 8.528600947050104353e-09
9.999999882607027990e-01 1.173929724731283071e-08
9.999999521257050272e-01 4.787429491935581998e-08
5.633710953949046453e-22 1.000000000000000000e+00
5.939882564372297624e-25 1.000000000000000000e+00
8.346087111736797103e-26 1.000000000000000000e+00
2.198645361236957364e-19 1.000000000000000000e+00
5.336758155940916527e-20 1.000000000000000000e+00
9.999999345148763430e-01 6.548512352802083431e-08
9.999999863967016234e-01 1.360329839363046306e-08
5.932008007947704379e-20 1.000000000000000000e+00
9.999996617424129486e-01 3.382575870284708895e-07
9.999999856489465433e-01 1.435105338475518811e-08
9.999999986249681339e-01 1.375031771867488634e-09
9.999999828365395693e-01 1.716346039436078625e-08
9.999999950783771130e-01 4.921622907416381331e-09
9.999999360272974203e-01 6.397270251931680404e-08
2.241871364576889867e-19 1.000000000000000000e+00
9.999998753734851142e-01 1.246265148972579301e-07
9.999999539865569442e-01 4.601344306930759286e-08
9.999999945995211581e-01 5.400478945907897830e-09
9.999999964101463634e-01 3.589853625892885102e-09
9.999999579177498710e-01 4.208225020444966548e-08
9.999999909279368993e-01 9.072063021014187962e-09
9.999999859243967615e-01 1.407560335155179073e-08
9.999999948552347195e-01 5.144765258823063630e-09
9.999999849881442415e-01 1.501185567596435587e-08
9.999999906101371128e-01 9.389862793848678965e-09
4.561499933447917369e-23 1.000000000000000000e+00
5.686377759972062270e-22 1.000000000000000000e+00
1.979652429916272586e-25 1.000000000000000000e+00
5.015415036860377250e-24 1.000000000000000000e+00
3.064285402461096788e-21 1.000000000000000000e+00
9.999998365142267476e-01 1.634857732623648648e-07
9.999999912054771123e-01 8.794522907415007937e-09
9.999999889181711010e-01 1.108182893531249383e-08
9.999999918597055615e-01 8.140294502630725523e-09
9.999999685368373692e-01 3.146316264820510572e-08
2.645482834796644598e-20 1.000000000000000000e+00
8.360747561377774972e-24 1.000000000000000000e+00
3.928542415234057977e-27 1.000000000000000000e+00
9.870784592935442034e-26 1.000000000000000000e+00
1.094946061745417279e-26 1.000000000000000000e+00
1.797747731873458486e-23 1.000000000000000000e+00
2.699709215608143276e-26 1.000000000000000000e+00
9.999998700888528269e-01 1.299111471326198509e-07
9.999999061819497825e-01 9.381805024993380938e-08
9.999999997992902179e-01 2.007097058529469802e-10
9.999999950800040338e-01 4.919995914381322326e-09
9.999999912378868538e-01 8.762113205308514957e-09
9.999999931268311881e-01 6.873168697803427421e-09
9.999999940739494608e-01 5.926050577955190007e-09
9.999999970374631175e-01 2.962536849779440372e-09
9.999999945296328407e-01 5.470367240355291558e-09
9.999999646815239673e-01 3.531847604029440140e-08
9.999999985612780806e-01 1.438721927430277282e-09
9.999998002596576230e-01 1.997403423841548893e-07
9.999999925354620123e-01 7.464538025163897301e-09
9.999999940973829382e-01 5.902617034389525569e-09
9.999999985033741767e-01 1.496625866603000046e-09
9.999999927961358281e-01 7.203864087100028229e-09
9.999999948427934493e-01 5.157206550742386282e-09
9.999999758396753702e-01 2.416032455124481022e-08
9.999999926056869493e-01 7.394313037798102052e-09
1.247586410126289790e-22 1.000000000000000000e+00
7.533725122482051087e-25 1.000000000000000000e+00
6.067135037551519073e-21 1.000000000000000000e+00
1.384064313659403306e-25 1.000000000000000000e+00
9.999996947828533322e-01 3.052171467708466742e-07
3.916757771750613975e-20 1.000000000000000000e+00
4.132834142130531400e-19 1.000000000000000000e+00
3.215765459860066327e-24 1.000000000000000000e+00
7.124748694608587753e-22 1.000000000000000000e+00
8.245832107876076737e-26 1.000000000000000000e+00
9.999999152954531789e-01 8.470454667474210209e-08
9.999999808271337054e-01 1.917286631132373640e-08
9.999999922671924946e-01 7.732807646012846731e-09
9.999999975002106245e-01 2.499789324125243164e-09
9.999999990014659668e-01 9.985340430230848558e-10
9.999999470906008048e-01 5.290939925829563542e-08
9.999999323003798679e-01 6.769962012041863948e-08
9.999999917447002229e-01 8.255299814505260300e-09
9.999999894857309890e-01 1.051426902017201232e-08
9.999999879394082525e-01 1.206059168740240172e-08
9.999999812255447873e-01 1.877445529626687875e-08
9.999999973675868237e-01 2.632413201209672441e-09
3.395023968935488180e-19 1.000000000000000000e+00
1.283668799761615264e-23 1.000000000000000000e+00
2.818175628683174452e-23 1.000000000000000000e+00
6.783034448777916835e-21 1.000000000000000000e+00
8.699001033159289735e-19 1.000000000000000000e+00
1.997613658073316859e-20 1.000000000000000000e+00
2.182323403526729604e-21 1.000000000000000000e+00
2.473264883804017156e-23 1.000000000000000000e+00
8.702616630346457660e-23 1.000000000000000000e+00
4.623737144920894781e-19 1.000000000000000000e+00
9.999998884853834591e-01 1.115146164797151771e-07
9.999999968003960849e-01 3.199603916325358161e-09
9.999999690567316080e-01 3.094326836731749916e-08
9.999999552504705846e-01 4.474952934616077193e-08
9.999999685382188197e-01 3.146178119549288192e-08
1.014014278669350172e-21 1.000000000000000000e+00
5.693609145356701314e-19 1.000000000000000000e+00
3.832651754471294898e-20 1.000000000000000000e+00
9.999999847360937499e-01 1.526390627251137391e-08
4.443008131878345215e-20 1.000000000000000000e+00
4.439382845907234973e-24 1.000000000000000000e+00
1.015390141400069504e-22 1.000000000000000000e+00
9.999999754815155351e-01 2.451848452636152367e-08
9.999999888653844371e-01 1.113461554832288385e-08
9.999999793618994381e-01 2.063810047098928685e-08
7.688821117777124304e-25 1.000000000000000000e+00
9.374872223145599557e-24 1.000000000000000000e+00
